0.000120000
0.000078000
0.000020000
0.000067000
0.000068000
0.000089000
0.000092000
0.000054000
0.000042000
0.002299000
0.002199000
0.002389000
0.002453000
0.002465000
0.004438000
0.002601000
0.002531000
0.004540000
0.002906000
0.002962000
0.005458000
0.005295000
0.007533000
0.011699000
0.000029000
0.000032000
0.000023000
0.000033000
0.000030000
0.001893000
0.000079000
0.000033000
0.001883000
0.001986000
0.000034000
0.000085000
0.002079000
0.002072000
0.002007000
0.000067000
0.002134000
0.006058000
0.004125000
0.004356000
0.004836000
0.002785000
0.004640000
0.004428000
0.000059000
0.000058000
0.000034000
0.004142000
0.001981000
0.002179000
0.000062000
0.002014000
0.004096000
0.001945000
0.002048000
0.002192000
0.000020000
0.000083000
0.008203000
0.002237000
0.000057000
0.006560000
0.000053000
0.002328000
0.004397000
0.010577000
0.004431000
0.002033000
0.001937000
0.000063000
0.000071000
0.000044000
0.000039000
0.001963000
0.000083000
0.000210000
0.000031000
0.000133000
0.000024000
0.002404000
0.005610000
0.002313000
0.002245000
0.000038000
0.001929000
0.001948000
0.000079000
0.003738000
0.000109000
0.006140000
0.006316000
0.000104000
0.000062000
0.001648000
0.001805000
0.002472000
0.000027000
0.002922000
0.000087000
0.004547000
0.000027000
0.000108000
0.002236000
0.000106000
0.000054000
0.003977000
0.000028000
0.001748000
0.005964000
0.000050000
0.000083000
0.002017000
0.000104000
0.000051000
0.002116000
0.002554000
0.000040000
0.000041000
0.000048000
0.000046000
0.001985000
0.002024000
0.000081000
0.000066000
0.007883000
0.001767000
0.000086000
0.001924000
0.000026000
0.003592000
0.000009000
0.000153000
0.000037000
0.003781000
0.000064000
0.002278000
0.004311000
0.002134000
0.001763000
0.007101000
0.002156000
0.003831000
0.000097000
0.001958000
0.001811000
0.000043000
0.000043000
0.003489000
0.001781000
0.000130000
0.000054000
0.000053000
0.000055000
0.000112000
0.002090000
0.004173000
0.000047000
0.000068000
0.004247000
0.000035000
0.007822000
0.002362000
0.000032000
0.002045000
0.001892000
0.000033000
0.001850000
0.001962000
0.000039000
0.000019000
0.003980000
0.000030000
0.000075000
0.000042000
0.002107000
0.002169000
0.001919000
0.000063000
0.002065000
0.000067000
0.000062000
0.000075000
0.000046000
0.011823000
0.000049000
0.001925000
0.001942000
0.000020000
0.000037000
0.000076000
0.000051000
0.003690000
0.000051000
0.000043000
0.001861000
0.000132000
0.001689000
0.000073000
0.001807000
0.001971000
0.000068000
0.002157000
0.000039000
0.002402000
0.002204000
0.002074000
0.000115000
0.004116000
0.005572000
0.001770000
0.002183000
0.000053000
0.000106000
0.000052000
0.000091000
0.000054000
0.000036000
0.000038000
0.001767000
0.002167000
0.000024000
0.002243000
0.000181000
0.000031000
0.000093000
0.010459000
0.002295000
0.006415000
0.006161000
0.003979000
0.000091000
0.003912000
0.001923000
0.008416000
0.002258000
0.004054000
0.000029000
0.000064000
0.000090000
0.000073000
0.000042000
0.003888000
0.000058000
0.000029000
0.006009000
0.000108000
0.000062000
0.002186000
0.002154000
0.002032000
0.000036000
0.001912000
0.000054000
0.000066000
0.000060000
0.000091000
0.010257000
0.000098000
0.000057000
0.000058000
0.001707000
0.000084000
0.001652000
0.001967000
0.006054000
0.008074000
0.004309000
0.000033000
0.000084000
0.002011000
0.004355000
0.001890000
0.000114000
0.000037000
0.000044000
0.000046000
0.003991000
0.001875000
0.002042000
0.008570000
0.004467000
0.000026000
0.002204000
0.008708000
0.001866000
0.002048000
0.001829000
0.000066000
0.000035000
0.003704000
0.001922000
0.000059000
0.000030000
0.000070000
0.000079000
0.002671000
0.004559000
0.000057000
0.000044000
0.007184000
0.008990000
0.010510000
0.010774000
0.000046000
0.000137000
0.002004000
0.004118000
0.002314000
0.000039000
0.000064000
0.001962000
0.000116000
0.000077000
0.000041000
0.000044000
0.000032000
0.003716000
0.000065000
0.000044000
0.001901000
0.004040000
0.000022000
0.002026000
0.000081000
0.004156000
0.000032000
0.000051000
0.002139000
0.000061000
0.000120000
0.006729000
0.004861000
0.006084000
0.000060000
0.002396000
0.000048000
0.004109000
0.000099000
0.001969000
0.000045000
0.002031000
0.000056000
0.000045000
0.001970000
0.000093000
0.000037000
0.000034000
0.003628000
0.003886000
0.005941000
0.002067000
0.009670000
0.004029000
0.001771000
0.000092000
0.001964000
0.000122000
0.000083000
0.000052000
0.000038000
0.006313000
0.004160000
0.000017000
0.002045000
0.000090000
0.000036000
0.002082000
0.006533000
0.000042000
0.006231000
0.007878000
0.000037000
0.000091000
0.000027000
0.000018000
0.001855000
0.000010000
0.000037000
0.005986000
0.002063000
0.000059000
0.000136000
0.000060000
0.001844000
0.003857000
0.001828000
0.001775000
0.000075000
0.000081000
0.000047000
0.000075000
0.001920000
0.000139000
0.002061000
0.001969000
0.001999000
0.002007000
0.002138000
0.007563000
0.000051000
0.006440000
0.006486000
0.000095000
0.006341000
0.000093000
0.000062000
0.001646000
0.003927000
0.000049000
0.000190000
0.000097000
0.002000000
0.002011000
0.000089000
0.002061000
0.007890000
0.002417000
0.002128000
0.000100000
0.000130000
0.006169000
0.003912000
0.000049000
0.005886000
0.000062000
0.000122000
0.002133000
0.000036000
0.000029000
0.000039000
0.002110000
0.000101000
0.001895000
0.000040000
0.000062000
0.000094000
0.001965000
0.004222000
0.001943000
0.012244000
0.006210000
0.000042000
0.002631000
0.000039000
0.000125000
0.000130000
0.004982000
0.000067000
0.002252000
0.000106000
0.004366000
0.006620000
0.000049000
0.000043000
0.000041000
0.006395000
0.000074000
0.000157000
0.002064000
0.001948000
0.000037000
0.000034000
0.002061000
0.000065000
0.000047000
0.001627000
0.000024000
0.001605000
0.001961000
0.001822000
0.003696000
0.003513000
0.007696000
0.002162000
0.000078000
0.002075000
0.000110000
0.000058000
0.000049000
0.000040000
0.001837000
0.004058000
0.000066000
0.000085000
0.000152000
0.004083000
0.009559000
0.000068000
0.000030000
0.001964000
0.000058000
0.001943000
0.000060000
0.000093000
0.000066000
0.001621000
0.000059000
0.000049000
0.000051000
0.000034000
0.000031000
0.003472000
0.000082000
0.004312000
0.000177000
0.000030000
0.002057000
0.000029000
0.000059000
0.000043000
0.000142000
0.000044000
0.005769000
0.002184000
0.000075000
0.005662000
0.000099000
0.002176000
0.000125000
0.000048000
0.009704000
0.004621000
0.002426000
0.006744000
0.000049000
0.000097000
0.000091000
0.000025000
0.001855000
0.000137000
0.001753000
0.003609000
0.000093000
0.002329000
0.002043000
0.002091000
0.006398000
0.000035000
0.000122000
0.000104000
0.004245000
0.010817000
0.004522000
0.000172000
0.004773000
0.004357000
0.012806000
0.004307000
0.000007000
0.000007000
0.000007000
0.000008000
0.000007000
0.000008000
0.000009000
0.000007000
0.000008000
0.000008000
0.000007000
0.000008000
0.000007000
0.000007000
0.000007000
0.000008000
0.000008000
0.000006000
0.000005000
0.000007000
0.000007000
0.000006000
0.000006000
0.000006000
