0.000022000
0.000018000
0.000011000
0.000027000
0.001450000
0.000024000
0.001387000
0.000057000
0.001358000
0.001428000
0.001439000
0.001473000
0.000039000
0.001485000
0.001472000
0.001613000
0.001627000
0.001724000
0.001853000
0.001851000
0.003523000
0.003675000
0.006942000
0.007181000
0.000029000
0.000051000
0.000029000
0.000074000
0.001287000
0.000024000
0.000019000
0.001482000
0.000035000
0.000019000
0.001336000
0.000019000
0.000022000
0.001382000
0.001299000
0.001400000
0.001753000
0.003269000
0.000056000
0.002952000
0.000041000
0.003139000
0.006759000
0.003395000
0.000027000
0.000030000
0.000043000
0.000044000
0.000028000
0.000019000
0.001355000
0.001246000
0.001215000
0.000064000
0.000019000
0.001413000
0.001334000
0.002775000
0.000027000
0.002534000
0.003884000
0.002976000
0.000019000
0.001382000
0.005781000
0.002708000
0.000917000
0.001365000
0.000022000
0.001722000
0.000015000
0.001599000
0.000015000
0.001349000
0.000020000
0.001237000
0.001290000
0.002712000
0.000020000
0.001475000
0.000025000
0.000061000
0.001452000
0.000034000
0.004189000
0.007065000
0.000018000
0.001192000
0.000028000
0.003936000
0.001596000
0.008423000
0.000028000
0.000027000
0.000013000
0.001840000
0.002845000
0.000013000
0.000021000
0.001394000
0.000017000
0.000088000
0.002841000
0.001530000
0.004571000
0.003182000
0.002996000
0.000028000
0.002963000
0.001417000
0.001157000
0.000013000
0.003263000
0.007352000
0.001204000
0.000017000
0.000043000
0.000016000
0.000014000
0.001515000
0.001418000
0.001042000
0.000035000
0.001295000
0.002639000
0.000017000
0.001393000
0.002997000
0.000024000
0.001586000
0.001616000
0.003254000
0.003150000
0.001648000
0.000036000
0.003502000
0.000020000
0.003003000
0.003208000
0.001552000
0.000014000
0.000034000
0.001380000
0.002791000
0.004333000
0.000032000
0.000036000
0.003078000
0.002101000
0.001772000
0.003982000
0.000035000
0.000021000
0.004286000
0.000077000
0.001471000
0.001536000
0.002834000
0.001545000
0.000026000
0.001480000
0.000034000
0.000009000
0.006669000
0.000042000
0.000041000
0.001258000
0.000032000
0.002447000
0.001137000
0.000014000
0.005306000
0.003117000
0.000052000
0.001424000
0.000037000
0.000018000
0.000015000
0.000049000
0.001436000
0.001594000
0.002949000
0.002979000
0.003093000
0.000028000
0.000017000
0.005324000
0.001510000
0.000027000
0.000014000
0.000022000
0.002561000
0.000023000
0.004161000
0.002461000
0.001559000
0.001795000
0.002015000
0.001757000
0.003477000
0.001763000
0.000008000
0.003654000
0.000022000
0.000031000
0.001786000
0.000038000
0.001367000
0.001516000
0.000017000
0.003164000
0.002992000
0.001450000
0.000024000
0.001263000
0.001595000
0.000022000
0.000016000
0.003188000
0.000018000
0.004714000
0.000026000
0.000015000
0.001866000
0.001968000
0.003052000
0.003182000
0.003047000
0.000028000
0.001847000
0.003692000
0.006784000
0.000055000
0.003959000
0.014107000
0.000046000
0.004937000
0.000028000
0.002856000
0.000013000
0.001357000
0.000008000
0.000014000
0.001671000
0.001358000
0.001291000
0.000013000
0.004322000
0.005797000
0.006116000
0.000030000
0.003237000
0.000016000
0.000030000
0.000013000
0.001872000
0.000012000
0.003304000
0.001522000
0.001903000
0.000075000
0.000023000
0.000031000
0.001363000
0.000006000
0.003147000
0.003178000
0.003315000
0.001300000
0.000051000
0.000066000
0.001611000
0.004241000
0.001485000
0.000022000
0.004432000
0.001893000
0.001847000
0.004997000
0.000018000
0.001631000
0.004924000
0.000042000
0.003005000
0.000020000
0.000022000
0.003015000
0.003047000
0.001726000
0.000036000
0.000014000
0.001085000
0.000005000
0.000023000
0.000034000
0.000070000
0.001274000
0.001287000
0.000023000
0.000031000
0.000013000
0.000035000
0.000020000
0.000020000
0.000024000
0.001528000
0.000012000
0.001425000
0.001350000
0.000020000
0.000033000
0.000036000
0.000052000
0.006327000
0.001214000
0.006517000
0.001229000
0.001211000
0.001187000
0.000022000
0.000012000
0.000021000
0.001665000
0.003041000
0.000013000
0.000023000
0.001684000
0.003576000
0.003181000
0.005115000
0.005231000
0.001631000
0.000032000
0.000036000
0.000042000
0.002861000
0.000039000
0.001034000
0.000050000
0.000056000
0.001613000
0.000020000
0.002815000
0.000018000
0.003273000
0.000014000
0.000019000
0.001457000
0.000024000
0.001222000
0.000038000
0.001469000
0.000018000
0.004757000
0.004811000
0.001585000
0.000026000
0.001365000
0.001508000
0.001357000
0.000034000
0.000041000
0.000018000
0.000018000
0.002991000
0.001668000
0.001789000
0.000049000
0.004319000
0.001595000
0.000029000
0.000026000
0.002578000
0.001395000
0.000021000
0.000018000
0.009843000
0.000006000
0.000014000
0.002818000
0.000004000
0.000004000
0.000003000
0.000006000
0.000005000
0.000004000
0.000005000
0.000003000
0.000004000
0.000004000
0.000004000
0.000003000
0.000004000
0.000005000
0.000003000
0.000003000
0.000005000
0.000004000
0.000003000
0.000003000
0.000003000
0.000004000
0.000003000
0.000003000
