0.000118000
0.000081000
0.000050000
0.000055000
0.001946000
0.001408000
0.002168000
0.002185000
0.000038000
0.000109000
0.000076000
0.001152000
0.002044000
0.001112000
0.000077000
0.001086000
0.000071000
0.001193000
0.003680000
0.001220000
0.004855000
0.002622000
0.001394000
0.001875000
0.001946000
0.000063000
0.000026000
0.000041000
0.004220000
0.003795000
0.000122000
0.002990000
0.000090000
0.000061000
0.002766000
0.000027000
0.001022000
0.000032000
0.000166000
0.000017000
0.000124000
0.001127000
0.002305000
0.000037000
0.002015000
0.001022000
0.000044000
0.001435000
0.000059000
0.000062000
0.000039000
0.000966000
0.000981000
0.001108000
0.001146000
0.001021000
0.000063000
0.000095000
0.000052000
0.001994000
0.001046000
0.001807000
0.001111000
0.004162000
0.001881000
0.000933000
0.000792000
0.000143000
0.000085000
0.001145000
0.000040000
0.001023000
0.000068000
0.000065000
0.001005000
0.000863000
0.000923000
0.002120000
0.002216000
0.001177000
0.000067000
0.001081000
0.001098000
0.001087000
0.001984000
0.003577000
0.001681000
0.005278000
0.000008000
0.000007000
0.000007000
0.000006000
0.000005000
0.000006000
0.000011000
