0.000045000
0.000036000
0.000026000
0.000031000
0.001931000
0.001387000
0.002127000
0.002122000
0.000027000
0.000037000
0.000046000
0.001138000
0.002027000
0.001001000
0.000057000
0.001061000
0.000029000
0.001154000
0.003668000
0.001176000
0.004805000
0.002585000
0.001361000
0.001848000
0.001855000
0.000047000
0.000013000
0.000012000
0.004205000
0.003764000
0.000013000
0.002982000
0.000025000
0.000046000
0.002709000
0.000018000
0.001010000
0.000015000
0.000020000
0.000010000
0.000058000
0.000979000
0.002242000
0.000027000
0.001978000
0.001014000
0.000027000
0.001424000
0.000025000
0.000024000
0.000024000
0.000925000
0.000938000
0.001065000
0.001110000
0.000936000
0.000037000
0.000050000
0.000037000
0.001980000
0.001017000
0.001794000
0.001090000
0.004131000
0.001855000
0.000912000
0.000776000
0.000023000
0.000057000
0.001115000
0.000029000
0.000952000
0.000041000
0.000015000
0.000931000
0.000856000
0.000910000
0.002098000
0.002148000
0.001065000
0.000043000
0.000980000
0.001010000
0.001063000
0.001913000
0.003468000
0.001667000
0.005273000
0.000004000
0.000003000
0.000003000
0.000003000
0.000003000
0.000003000
0.000008000
