0.000037000
0.000153000
0.000082000
0.001924000
0.002077000
0.003860000
0.003887000
0.003836000
0.000071000
0.000067000
0.001580000
0.000058000
0.000046000
0.000101000
0.000071000
0.007286000
0.000043000
0.001808000
0.000053000
0.000021000
0.000047000
0.000058000
0.001993000
0.001490000
0.000151000
0.000118000
0.001672000
0.001618000
0.000046000
0.001958000
0.001900000
0.001818000
0.000049000
0.000048000
0.000074000
0.000100000
0.002085000
0.000080000
0.005566000
0.001986000
0.001562000
0.003093000
0.000038000
0.002354000
0.001883000
0.008627000
0.000134000
0.002024000
0.000067000
0.000058000
0.000037000
0.001870000
0.000089000
0.000059000
0.000053000
0.000064000
0.000069000
0.000088000
0.000090000
0.000088000
0.001745000
0.003775000
0.000072000
0.012240000
0.001825000
0.000078000
0.003793000
0.000048000
0.000042000
0.001893000
0.001738000
0.000043000
0.000143000
0.000032000
0.001818000
0.001831000
0.001941000
0.000020000
0.000160000
0.001705000
0.000087000
0.000074000
0.006017000
0.002226000
0.003741000
0.001770000
0.001583000
0.002359000
0.000059000
0.000139000
0.000062000
0.004064000
0.004045000
0.002164000
0.001695000
0.000052000
0.000058000
0.000041000
0.001644000
0.000063000
0.001644000
0.000028000
0.000088000
0.001745000
0.000146000
0.000048000
0.000155000
0.000025000
0.000058000
0.000101000
0.005265000
0.004345000
0.000070000
0.000067000
0.000090000
0.000092000
0.003764000
0.000055000
0.000060000
0.000029000
0.000081000
0.001928000
0.001697000
0.000024000
0.001747000
0.001853000
0.005237000
0.003382000
0.000066000
0.000044000
0.000070000
0.004006000
0.000063000
0.003546000
0.002036000
0.001979000
0.003214000
0.003056000
0.000014000
0.001798000
0.000086000
0.000019000
0.000101000
0.001802000
0.000043000
0.003564000
0.001610000
0.001661000
0.005551000
0.011335000
0.001597000
0.000073000
0.000007000
0.000007000
0.000007000
0.000007000
0.000007000
0.000005000
0.000006000
0.000007000
