0.000039000
0.000010000
0.000043000
0.000102000
0.000013000
0.000052000
0.000008000
0.000005000
0.000018000
0.000069000
0.000126000
0.000044000
0.000114000
0.000096000
0.000012000
0.000591000
0.000026000
0.000065000
0.000085000
0.000011000
0.000212000
0.000778000
0.000056000
0.000075000
0.000073000
0.000312000
0.000286000
0.000019000
0.000330000
0.000110000
0.000620000
0.000063000
0.000618000
0.000011000
0.000542000
0.000040000
0.000450000
0.000455000
0.000499000
0.000095000
0.000049000
0.000690000
0.000712000
0.000682000
0.000656000
0.000705000
0.000034000
0.000802000
0.000042000
0.001509000
0.000841000
0.001762000
0.000775000
0.000046000
0.000130000
0.000080000
0.000854000
0.000103000
0.001009000
0.000060000
0.000889000
0.000089000
0.000140000
0.000048000
0.000085000
0.000809000
0.000108000
0.000100000
0.002334000
0.000062000
0.001854000
0.001181000
0.001262000
0.000073000
0.002035000
0.000047000
0.000048000
0.002057000
0.001221000
0.002175000
0.000090000
0.000014000
0.000052000
0.001305000
0.000066000
0.000094000
0.000034000
0.002112000
0.001307000

0.000042000
0.001399000
0.000105000
0.001532000

0.001583000
0.001588000
0.001491000

0.002659000
0.001494000
0.001459000
0.001444000
0.003558000
0.001477000
0.002601000
0.001476000
0.001499000
0.004113000

0.002727000
0.001500000
0.003478000
0.001450000
0.001480000
0.001472000
0.003551000
0.001489000
0.002666000
0.001437000
0.001437000
0.002706000
0.001394000
0.001427000

0.001383000

0.002743000
0.000022000

0.000024000

0.000029000
0.000007000
0.000007000
0.000008000
0.000007000
0.000007000
0.000006000
0.000005000
0.000007000
0.000007000
0.000007000
0.000008000
0.000007000
0.000007000
0.000007000
0.000007000
0.000008000
0.000291000
