0.000050000
0.000024000
0.000040000
0.000024000
0.000017000
0.000034000
0.000028000
0.000013000
0.000026000
0.001490000
0.001560000
0.000044000
0.000023000
0.000025000
0.000017000
0.003207000
0.001727000
0.000024000
0.000028000
0.003219000
0.000031000
0.004612000
0.000018000
0.000023000
0.001764000
0.000017000
0.001867000
0.001914000
0.003565000
0.002066000
0.003716000
0.002137000
0.002147000
0.003857000
0.003978000
0.005661000
0.004118000
0.004054000
0.005797000
0.007655000
0.000030000
0.000023000
0.000027000
0.000030000
0.000024000
0.000021000
0.001596000
0.001639000
0.000033000
0.004649000
0.000006000
0.000021000
0.001706000
0.001741000
0.005129000
0.001777000
0.001765000
0.001747000
0.000021000
0.001907000
0.005195000
0.002026000
0.000012000
0.000046000
0.003622000
0.000011000
0.005306000
0.000018000
0.003845000
0.000016000
0.002234000
0.004006000
0.000018000
0.002146000
0.000020000
0.004153000
0.004099000
0.000024000
0.011993000
0.010541000
0.000026000
0.000015000
0.000014000
0.001573000
0.000054000
0.000023000
0.000058000
0.000019000
0.001333000
0.000008000
0.000014000
0.001353000
0.001243000
0.000031000
0.004339000
0.001557000
0.001618000
0.001557000
0.000012000
0.000012000
0.001597000
0.001650000
0.000056000
0.000020000
0.004782000
0.000019000
0.000019000
0.000021000
0.001759000
0.000005000
0.003677000
0.003590000
0.001853000
0.005602000
0.005783000
0.000024000
0.008923000
0.010642000
0.005625000
0.004971000
0.000017000
0.000013000
0.001620000
0.000037000
0.001545000
0.001833000
0.003200000
0.003197000
0.001697000
0.000029000
0.003380000
0.001573000
0.000030000
0.000012000
0.000016000
0.001674000
0.003280000
0.003120000
0.000023000
0.000012000
0.000020000
0.000005000
0.004931000
0.001755000
0.000021000
0.003315000
0.000013000
0.001787000
0.000022000
0.003402000
0.001837000
0.002010000
0.000011000
0.001894000
0.001938000
0.000060000
0.001449000
0.006965000
0.000032000
0.002755000
0.000014000
0.000042000
0.000023000
0.000021000
0.000023000
0.000023000
0.000025000
0.000018000
0.001596000
0.001671000
0.000034000
0.003449000
0.003412000
0.001823000
0.001715000
0.000025000
0.001733000
0.000028000
0.000013000
0.001663000
0.003375000
0.004893000
0.000049000
0.001697000
0.000032000
0.000024000
0.000017000
0.006968000
0.003572000
0.001835000
0.000025000
0.005308000
0.000067000
0.003464000
0.001557000
0.000033000
0.007045000
0.000012000
0.005763000
0.008439000
0.003108000
0.000028000
0.002765000
0.000026000
0.000067000
0.000043000
0.000026000
0.001470000
0.000009000
0.000024000
0.001466000
0.000022000
0.000054000
0.001621000
0.000036000
0.000017000
0.003130000
0.001630000
0.004701000
0.001646000
0.001814000
0.001840000
0.000047000
0.001950000
0.003553000
0.003351000
0.000018000
0.001925000
0.001568000
0.001583000
0.000062000
0.000023000
0.000022000
0.005494000
0.001911000
0.007402000
0.003595000
0.004716000
0.001531000
0.001598000
0.000054000
0.001679000
0.000007000
0.000055000
0.000021000
0.004762000
0.000052000
0.000032000
0.001653000
0.001595000
0.000017000
0.000020000
0.000026000
0.003356000
0.000024000
0.001505000
0.000016000
0.000023000
0.001469000
0.001529000
0.000026000
0.001640000
0.001597000
0.001529000
0.000038000
0.000012000
0.003277000
0.003398000
0.000031000
0.003422000
0.003419000
0.000016000
0.000037000
0.001693000
0.000018000
0.000028000
0.001823000
0.003230000
0.005035000
0.000019000
0.000031000
0.000057000
0.000045000
0.001578000
0.000021000
0.000029000
0.000019000
0.001667000
0.000083000
0.000077000
0.001571000
0.001446000
0.001516000
0.003193000
0.000022000
0.000037000
0.001723000
0.000047000
0.000063000
0.000009000
0.003418000
0.010132000
0.000025000
0.000021000
0.005180000
0.004979000
0.003396000
0.000028000
0.001546000
0.001605000
0.000042000
0.003590000
0.003335000
0.002042000
0.005092000
0.003731000
0.001675000
0.001422000
0.001590000
0.003364000
0.000045000
0.001632000
0.000015000
0.000013000
0.000042000
0.001648000
0.001764000
0.004813000
0.000024000
0.000020000
0.000042000
0.000029000
0.001549000
0.003122000
0.001586000
0.000034000
0.000059000
0.000056000
0.001790000
0.000014000
0.000060000
0.000012000
0.000019000
0.000025000
0.000017000
0.000010000
0.001563000
0.000020000
0.011214000
0.002022000
0.000019000
0.000023000
0.003675000
0.003696000
0.003507000
0.003076000
0.004946000
0.000017000
0.003416000
0.008266000
0.000033000
0.000017000
0.000033000
0.001561000
0.000022000
0.000037000
0.000054000
0.002115000
0.000026000
0.000021000
0.000052000
0.003029000
0.000042000
0.000028000
0.000027000
0.001718000
0.004813000
0.003164000
0.002893000
0.011569000
0.001624000
0.000017000
0.004670000
0.001761000
0.000013000
0.001782000
0.000031000
0.000041000
0.000027000
0.004837000
0.001496000
0.001460000
0.001369000
0.006279000
0.000030000
0.000050000
0.000068000
0.006232000
0.000058000
0.000061000
0.000047000
0.000037000
0.000015000
0.000029000
0.000007000
0.003331000
0.003530000
0.000017000
0.001473000
0.000027000
0.000013000
0.005103000
0.000014000
0.005045000
0.001722000
0.003535000
0.000044000
0.006999000
0.000043000
0.000029000
0.000031000
0.000021000
0.000030000
0.004023000
0.001339000
0.000032000
0.001850000
0.000015000
0.003422000
0.000012000
0.001791000
0.001792000
0.001761000
0.000039000
0.000044000
0.008603000
0.001860000
0.005429000
0.000030000
0.001870000
0.000023000
0.000035000
0.001679000
0.000035000
0.000025000
0.005082000
0.000037000
0.000028000
0.004941000
0.006844000
0.001698000
0.001621000
0.000023000
0.001740000
0.000018000
0.001758000
0.003476000
0.000045000
0.000025000
0.003549000
0.000016000
0.001726000
0.000015000
0.002015000
0.003586000
0.000043000
0.005296000
0.000014000
0.000039000
0.001949000
0.000037000
0.003326000
0.000043000
0.005344000
0.001708000
0.001693000
0.005380000
0.002105000
0.001530000
0.003527000
0.000006000
0.003526000
0.000027000
0.000016000
0.000020000
0.001624000
0.000012000
0.001648000
0.001576000
0.000043000
0.000038000
0.000015000
0.000014000
0.001670000
0.001588000
0.000047000
0.000017000
0.006768000
0.000024000
0.001933000
0.000010000
0.000025000
0.000039000
0.000011000
0.001461000
0.008538000
0.000032000
0.001599000
0.000019000
0.001685000
0.001789000
0.000025000
0.003526000
0.002096000
0.000022000
0.001679000
0.003696000
0.001652000
0.001897000
0.000052000
0.000005000
0.000027000
0.000032000
0.000024000
0.000049000
0.000025000
0.000026000
0.000062000
0.001435000
0.008224000
0.001430000
0.001579000
0.001581000
0.001602000
0.001350000
0.000036000
0.000034000
0.000014000
0.000037000
0.001542000
0.004600000
0.000033000
0.000014000
0.005922000
0.000021000
0.000044000
0.000019000
0.000062000
0.000021000
0.004084000
0.001576000
0.001712000
0.001554000
0.000026000
0.000018000
0.002900000
0.003168000
0.000033000
0.006301000
0.001695000
0.000014000
0.000025000
0.001574000
0.000020000
0.000023000
0.000066000
0.001729000
0.001777000
0.003392000
0.001866000
0.000017000
0.001638000
0.000020000
0.000020000
0.000020000
0.001594000
0.000030000
0.001562000
0.003143000
0.000027000
0.001960000
0.001883000
0.000046000
0.000006000
0.001965000
0.000028000
0.000013000
0.000051000
0.000010000
0.003526000
0.000027000
0.000052000
0.003382000
0.008821000
0.003583000
0.001588000
0.000023000
0.000016000
0.001500000
0.006590000
0.001581000
0.000028000
0.000059000
0.000040000
0.000021000
0.000011000
0.001602000
0.000016000
0.000020000
0.000014000
0.001338000
0.000038000
0.000026000
0.000031000
0.001808000
0.000031000
0.003401000
0.004887000
0.000019000
0.000017000
0.001697000
0.000025000
0.005140000
0.001785000
0.000025000
0.000014000
0.003089000
0.000014000
0.000013000
0.000031000
0.005224000
0.003911000
0.000022000
0.001503000
0.009812000
0.000029000
0.000040000
0.019607000
0.000022000
0.000018000
0.001458000
0.001539000
0.000031000
0.000014000
0.001423000
0.000039000
0.001439000
0.002971000
0.001791000
0.000026000
0.001468000
0.000026000
0.003053000
0.002826000
0.001395000
0.000018000
0.000045000
0.000024000
0.001606000
0.001744000
0.003408000
0.000017000
0.000019000
0.003581000
0.001694000
0.001641000
0.005572000
0.000016000
0.003911000
0.003518000
0.000028000
0.001950000
0.010472000
0.001931000
0.001705000
0.000044000
0.001604000
0.001820000
0.001816000
0.000065000
0.001707000
0.004976000
0.000051000
0.000035000
0.001438000
0.000034000
0.000011000
0.001504000
0.000044000
0.001909000
0.000021000
0.000006000
0.003002000
0.001602000
0.000058000
0.003430000
0.003395000
0.000029000
0.000023000
0.001443000
0.001518000
0.000049000
0.000022000
0.004436000
0.000065000
0.000011000
0.001608000
0.000020000
0.000036000
0.003083000
0.001755000
0.000023000
0.001749000
0.000013000
0.000032000
0.000028000
0.001901000
0.004956000
0.000026000
0.003355000
0.000053000
0.000019000
0.000014000
0.000019000
0.003541000
0.003239000
0.001346000
0.001468000
0.000030000
0.006339000
0.000043000
0.003394000
0.001790000
0.001477000
0.000013000
0.000012000
0.003369000
0.000042000
0.001702000
0.001628000
0.000019000
0.000051000
0.000029000
0.007633000
0.004676000
0.017623000
0.000022000
0.000012000
0.000038000
0.000027000
0.003788000
0.000045000
0.005354000
0.005089000
0.000009000
0.001570000
0.000024000
0.000036000
0.013513000
0.008596000
0.000038000
0.000024000
0.000026000
0.000022000
0.000104000
0.000022000
0.000067000
0.000015000
0.000105000
0.000030000
0.000068000
0.000008000
0.000078000
0.000021000
0.000017000
0.000080000
0.000020000
0.000017000
0.000017000
0.000027000
0.000288000
0.000139000
0.000023000
0.000057000
0.000021000
0.000073000
0.000020000
0.000239000
0.000127000
0.000026000
0.000100000
0.000012000
0.000067000
0.000011000
0.000026000
0.000056000
0.000021000
0.000017000
0.000025000
0.000019000
0.000007000
0.000003000
0.000006000
0.000004000
0.000006000
0.000004000
0.000004000
0.000005000
0.000005000
0.000004000
0.000004000
0.000004000
0.000006000
0.000003000
0.000005000
0.000005000
0.000005000
0.000005000
0.000003000
0.000005000
0.000011000

0.000004000
0.000004000
0.000004000
0.000002000
0.000004000
0.000005000
0.000005000
0.000003000
0.000004000
0.000005000
0.000003000
0.000003000
0.000003000
0.000027000

0.000003000
0.000003000
0.000004000
