0.000065000
0.000076000
0.000062000
0.000055000
0.000034000
0.000058000
0.000052000
0.000017000
0.000043000
0.001505000
0.001588000
0.000084000
0.000035000
0.000037000
0.000041000
0.003223000
0.001748000
0.000040000
0.000109000
0.003234000
0.000041000
0.004616000
0.000022000
0.000037000
0.001810000
0.000037000
0.001882000
0.001972000
0.003574000
0.002075000
0.003735000
0.002147000
0.002157000
0.003879000
0.003990000
0.005679000
0.004133000
0.004078000
0.005811000
0.007666000
0.000064000
0.000036000
0.000070000
0.000049000
0.000055000
0.000055000
0.001695000
0.001643000
0.000037000
0.004702000
0.000016000
0.000036000
0.001717000
0.001809000
0.005137000
0.001798000
0.001777000
0.001763000
0.000127000
0.001945000
0.005205000
0.002039000
0.000022000
0.000060000
0.003632000
0.000022000
0.005316000
0.000039000
0.003931000
0.000042000
0.002240000
0.004015000
0.000064000
0.002166000
0.000057000
0.004165000
0.004108000
0.000040000
0.012066000
0.010553000
0.000041000
0.000066000
0.000028000
0.001583000
0.000097000
0.000075000
0.000072000
0.000050000
0.001361000
0.000075000
0.000034000
0.001362000
0.001258000
0.000042000
0.004361000
0.001580000
0.001643000
0.001633000
0.000024000
0.000020000
0.001614000
0.001671000
0.000068000
0.000040000
0.004841000
0.000039000
0.000028000
0.000029000
0.001773000
0.000018000
0.003691000
0.003604000
0.001861000
0.005634000
0.005799000
0.000070000
0.008948000
0.010659000
0.005666000
0.004991000
0.000026000
0.000022000
0.001699000
0.000076000
0.001554000
0.001867000
0.003225000
0.003220000
0.001711000
0.000037000
0.003405000
0.001588000
0.000065000
0.000032000
0.000036000
0.001692000
0.003293000
0.003135000
0.000028000
0.000092000
0.000024000
0.000016000
0.004993000
0.001801000
0.000032000
0.003339000
0.000054000
0.001802000
0.000031000
0.003411000
0.001843000
0.002058000
0.000022000
0.001940000
0.001953000
0.000070000
0.001477000
0.006993000
0.000048000
0.002763000
0.000036000
0.000085000
0.000112000
0.000044000
0.000036000
0.000164000
0.000063000
0.000023000
0.001617000
0.001679000
0.000054000
0.003538000
0.003426000
0.001885000
0.001736000
0.000058000
0.001748000
0.000042000
0.000076000
0.001687000
0.003395000
0.004908000
0.000075000
0.001703000
0.000052000
0.000061000
0.000091000
0.006987000
0.003586000
0.001886000
0.000043000
0.005318000
0.000110000
0.003503000
0.001578000
0.000051000
0.007090000
0.000043000
0.005769000
0.008473000
0.003136000
0.000042000
0.002800000
0.000039000
0.000104000
0.000063000
0.000040000
0.001496000
0.000019000
0.000042000
0.001536000
0.000026000
0.000131000
0.001628000
0.000094000
0.000086000
0.003191000
0.001639000
0.004711000
0.001651000
0.001830000
0.001850000
0.000057000
0.001971000
0.003560000
0.003367000
0.000029000
0.001934000
0.001651000
0.001597000
0.000082000
0.000064000
0.000044000
0.005605000
0.001948000
0.007418000
0.003625000
0.004826000
0.001593000
0.001616000
0.000081000
0.001685000
0.000011000
0.000064000
0.000033000
0.004781000
0.000077000
0.000056000
0.001668000
0.001644000
0.000058000
0.000041000
0.000075000
0.003403000
0.000036000
0.001527000
0.000019000
0.000069000
0.001482000
0.001565000
0.000035000
0.001657000
0.001640000
0.001542000
0.000050000
0.000022000
0.003302000
0.003466000
0.000046000
0.003435000
0.003431000
0.000088000
0.000067000
0.001741000
0.000106000
0.000032000
0.001840000
0.003258000
0.005085000
0.000045000
0.000087000
0.000088000
0.000079000
0.001601000
0.000050000
0.000045000
0.000041000
0.001725000
0.000096000
0.000098000
0.001591000
0.001460000
0.001556000
0.003269000
0.000033000
0.000057000
0.001739000
0.000063000
0.000157000
0.000016000
0.003432000
0.010162000
0.000037000
0.000096000
0.005194000
0.005008000
0.003404000
0.000060000
0.001603000
0.001614000
0.000063000
0.003608000
0.003380000
0.002068000
0.005097000
0.003740000
0.001748000
0.001429000
0.001624000
0.003382000
0.000070000
0.001648000
0.000030000
0.000080000
0.000068000
0.001661000
0.001776000
0.004829000
0.000054000
0.000077000
0.000054000
0.000058000
0.001563000
0.003128000
0.001598000
0.000053000
0.000092000
0.000069000
0.001805000
0.000031000
0.000127000
0.000045000
0.000032000
0.000039000
0.000136000
0.000017000
0.001616000
0.000043000
0.011264000
0.002090000
0.000046000
0.000047000
0.003706000
0.003708000
0.003536000
0.003089000
0.004975000
0.000081000
0.003427000
0.008328000
0.000078000
0.000094000
0.000049000
0.001573000
0.000125000
0.000083000
0.000107000
0.002184000
0.000052000
0.000036000
0.000093000
0.003075000
0.000175000
0.000037000
0.000037000
0.001726000
0.004817000
0.003176000
0.002977000
0.011603000
0.001630000
0.000121000
0.004678000
0.001781000
0.000020000
0.001789000
0.000038000
0.000056000
0.000044000
0.004887000
0.001508000
0.001466000
0.001389000
0.006295000
0.000096000
0.000169000
0.000078000
0.006288000
0.000151000
0.000072000
0.000083000
0.000084000
0.000109000
0.000054000
0.000023000
0.003339000
0.003544000
0.000037000
0.001490000
0.000040000
0.000057000
0.005124000
0.000022000
0.005051000
0.001731000
0.003550000
0.000062000
0.007014000
0.000055000
0.000037000
0.000040000
0.000037000
0.000044000
0.004033000
0.001358000
0.000045000
0.001873000
0.000062000
0.003572000
0.000023000
0.001825000
0.001807000
0.001781000
0.000099000
0.000117000
0.008635000
0.001876000
0.005451000
0.000054000
0.001890000
0.000035000
0.000061000
0.001738000
0.000070000
0.000041000
0.005116000
0.000090000
0.000086000
0.004960000
0.006868000
0.001731000
0.001634000
0.000084000
0.001795000
0.000045000
0.001780000
0.003541000
0.000060000
0.000043000
0.003569000
0.000068000
0.001734000
0.000041000
0.002039000
0.003604000
0.000078000
0.005381000
0.000018000
0.000049000
0.001981000
0.000047000
0.003454000
0.000058000
0.005358000
0.001736000
0.001764000
0.005388000
0.002117000
0.001559000
0.003588000
0.000030000
0.003631000
0.000045000
0.000124000
0.000034000
0.001697000
0.000023000
0.001666000
0.001751000
0.000053000
0.000057000
0.000045000
0.000040000
0.001706000
0.001613000
0.000063000
0.000123000
0.006779000
0.000095000
0.001953000
0.000035000
0.000046000
0.000097000
0.000046000
0.001487000
0.008577000
0.000050000
0.001619000
0.000035000
0.001735000
0.001800000
0.000035000
0.003534000
0.002237000
0.000048000
0.001685000
0.003838000
0.001689000
0.001926000
0.000075000
0.000017000
0.000065000
0.000055000
0.000050000
0.000064000
0.000040000
0.000042000
0.000075000
0.001503000
0.008239000
0.001462000
0.001586000
0.001636000
0.001633000
0.001360000
0.000047000
0.000135000
0.000022000
0.000055000
0.001595000
0.004643000
0.000081000
0.000122000
0.005935000
0.000050000
0.000059000
0.000037000
0.000101000
0.000044000
0.004108000
0.001678000
0.001724000
0.001569000
0.000065000
0.000096000
0.003017000
0.003236000
0.000048000
0.006360000
0.001705000
0.000031000
0.000040000
0.001585000
0.000039000
0.000037000
0.000094000
0.001825000
0.001786000
0.003410000
0.001882000
0.000121000
0.001652000
0.000035000
0.000031000
0.000196000
0.001603000
0.000038000
0.001655000
0.003154000
0.000079000
0.001976000
0.001928000
0.000062000
0.000029000
0.001990000
0.000066000
0.000061000
0.000117000
0.000116000
0.003538000
0.000047000
0.000067000
0.003436000
0.008850000
0.003629000
0.001673000
0.000058000
0.000044000
0.001536000
0.006667000
0.001625000
0.000058000
0.000097000
0.000049000
0.000051000
0.000025000
0.001616000
0.000049000
0.000051000
0.000028000
0.001343000
0.000049000
0.000056000
0.000047000
0.001820000
0.000041000
0.003417000
0.004901000
0.000030000
0.000157000
0.001709000
0.000055000
0.005157000
0.001819000
0.000038000
0.000056000
0.003094000
0.000058000
0.000043000
0.000052000
0.005244000
0.004007000
0.000042000
0.001524000
0.009937000
0.000038000
0.000061000
0.019736000
0.000033000
0.000139000
0.001559000
0.001568000
0.000090000
0.000032000
0.001444000
0.000056000
0.001528000
0.002998000
0.001819000
0.000044000
0.001473000
0.000046000
0.003104000
0.002839000
0.001412000
0.000098000
0.000092000
0.000050000
0.001615000
0.001759000
0.003415000
0.000028000
0.000030000
0.003642000
0.001739000
0.001655000
0.005593000
0.000048000
0.003982000
0.003545000
0.000046000
0.002013000
0.010479000
0.001940000
0.001763000
0.000071000
0.001647000
0.001852000
0.001846000
0.000118000
0.001726000
0.004995000
0.000085000
0.000049000
0.001446000
0.000103000
0.000021000
0.001546000
0.000082000
0.001929000
0.000072000
0.000031000
0.003047000
0.001680000
0.000179000
0.003457000
0.003415000
0.000048000
0.000035000
0.001464000
0.001528000
0.000065000
0.000041000
0.004450000
0.000157000
0.000030000
0.001623000
0.000074000
0.000047000
0.003105000
0.001847000
0.000046000
0.001764000
0.000020000
0.000048000
0.000118000
0.001917000
0.004963000
0.000057000
0.003447000
0.000081000
0.000126000
0.000043000
0.000031000
0.003585000
0.003258000
0.001355000
0.001478000
0.000052000
0.006344000
0.000061000
0.003409000
0.001807000
0.001492000
0.000125000
0.000017000
0.003388000
0.000051000
0.001718000
0.001667000
0.000032000
0.000076000
0.000073000
0.007646000
0.004735000
0.017639000
0.000087000
0.000028000
0.000050000
0.000041000
0.003802000
0.000104000
0.005424000
0.005110000
0.000050000
0.001577000
0.000058000
0.000059000
0.013524000
0.008624000
0.000080000
0.000036000
0.000047000
0.000034000
0.000122000
0.000060000
0.000088000
0.000069000
0.000115000
0.000067000
0.000084000
0.000039000
0.000093000
0.000048000
0.000036000
0.000118000
0.000059000
0.000036000
0.000029000
0.000041000
0.000297000
0.000146000
0.000038000
0.000080000
0.000045000
0.000127000
0.000031000
0.000291000
0.000137000
0.000040000
0.000109000
0.000043000
0.000085000
0.000037000
0.000039000
0.000059000
0.000037000
0.000027000
0.000036000
0.000028000
0.000012000
0.000007000
0.000010000
0.000007000
0.000009000
0.000008000
0.000008000
0.000009000
0.000008000
0.000008000
0.000006000
0.000007000
0.000009000
0.000006000
0.000009000
0.000008000
0.000008000
0.000008000
0.000005000
0.000008000
0.000019000

0.000007000
0.000007000
0.000007000
0.000005000
0.000007000
0.000008000
0.000008000
0.000007000
0.000007000
0.000008000
0.000006000
0.000006000
0.000006000
0.000030000

0.000006000
0.000007000
0.000007000
