0.000015000
0.000027000
0.000381000
0.000020000
0.000026000
0.000020000
0.000357000
0.000023000
0.000430000
0.000027000
0.000501000
0.000493000
0.000027000
0.000025000
0.000034000
0.000602000
0.001937000
0.001082000
0.000027000
0.000612000
0.000507000
0.001552000
0.000019000
0.000017000
0.001685000
0.000624000
0.001221000
0.000018000
0.001227000
0.000022000
0.000028000
0.002282000
0.000628000
0.001206000
0.000634000
0.000584000
0.001260000
0.001768000
0.001755000
0.002274000
0.000020000
0.000024000
0.000029000
0.000036000
0.000037000
0.000869000
0.000020000
0.000029000
0.000030000
0.000456000
0.000407000
0.000475000
0.000029000
0.000440000
0.000397000
0.000020000
0.000035000
0.000035000
0.000025000
0.000025000
0.000031000
0.000465000
0.000013000
0.000441000
0.000029000
0.000049000
0.000024000
0.000020000
0.000878000
0.000022000
0.000500000
0.000019000
0.000011000
0.000605000
0.001114000
0.002687000
0.001774000
0.002206000
0.002687000
0.002632000
0.000024000
0.000020000
0.000024000
0.000409000
0.000025000
0.000441000
0.000025000
0.000029000
0.000014000
0.000471000
0.000025000
0.000045000
0.000032000
0.000044000
0.000484000
0.000489000
0.000024000
0.000502000
0.000028000
0.000486000
0.000504000
0.000499000
0.000020000
0.003040000
0.001564000
0.000525000
0.000554000
0.000028000
0.001029000
0.000960000
0.000022000
0.000954000
0.000015000
0.000485000
0.000503000
0.000035000
0.000453000
0.000036000
0.000911000
0.000901000
0.000026000
0.000041000
0.000500000
0.000027000
0.000457000
0.000019000
0.001427000
0.000025000
0.000028000
0.000486000
0.000534000
0.000631000
0.000019000
0.002066000
0.000500000
0.000037000
0.000023000
0.000571000
0.001142000
0.001818000
0.000627000
0.000657000
0.003434000
0.000024000
0.000030000
0.000041000
0.000037000
0.001622000
0.003476000
0.001690000
0.000021000
0.001648000
0.001649000
0.000038000
0.000993000
0.000050000
0.000990000
0.000984000
0.000390000
0.000014000
0.000397000
0.000050000
0.000724000
0.001170000
0.000031000
0.000850000
0.000030000
0.000489000
0.000541000
0.001287000
0.000026000
0.002948000
0.000403000
0.000485000
0.000477000
0.000434000
0.000378000
0.000031000
0.000452000
0.000835000
0.001398000
0.001362000
0.001002000
0.000995000
0.000053000
0.000536000
0.000549000
0.000996000
0.001943000
0.000456000
0.000471000
0.000029000
0.000010000
0.000029000
0.001456000
0.000492000
0.001443000
0.000021000
0.001042000
0.001351000
0.000340000
0.001095000
0.000034000
0.000020000
0.001131000
0.000028000
0.000026000
0.000453000
0.000040000
0.000636000
0.000411000
0.000026000
0.000425000
0.000443000
0.000497000
0.000026000
0.000402000
0.000726000
0.000024000
0.000028000
0.000027000
0.001103000
0.000025000
0.000024000
0.000433000
0.000438000
0.000037000
0.001042000
0.000006000
0.000019000
0.001434000
0.000023000
0.000023000
0.000367000
0.000420000
0.000023000
0.001951000
0.001516000
0.004156000
0.001858000
0.000591000
0.000348000
0.000017000
0.000286000
0.000035000
0.000021000
0.000026000
0.000026000
0.000029000
0.000723000
0.000019000
0.000666000
0.000389000
0.000333000
0.000435000
0.000028000
0.000021000
0.000778000
0.000020000
0.000399000
0.000826000
0.000440000
0.002575000
0.000427000
0.000036000
0.000030000
0.000871000
0.000028000
0.000461000
0.000481000
0.000481000
0.000504000
0.000018000
0.000738000
0.000299000
0.001156000
0.000034000
0.000034000
0.000309000
0.000027000
0.000006000
0.000006000
0.000006000
0.000006000
0.000006000
0.000006000
0.000005000
0.000003000
0.000003000
0.000006000
0.000021000
0.000003000
0.000005000
0.000005000
0.000004000
0.000015000


0.000003000
0.000004000
0.000003000
0.000003000
0.000003000
0.000005000
0.000004000
0.000004000
0.000038000
0.000042000
0.000015000
0.000002000
0.000003000
0.000003000
0.000002000
0.000003000
0.000003000
0.000003000
0.000004000
0.000003000
0.000003000
0.000003000
