0.000033000
0.000026000
0.000014000
0.000033000
0.000018000
0.002155000
0.000018000
0.000019000
0.000011000
0.000007000
0.000026000
0.000017000
0.001952000
0.000015000
0.003946000
0.000057000
0.002210000
0.002181000
0.000008000
0.002206000
0.000021000
0.002317000
0.002575000
0.002631000
0.002807000
0.002884000
0.002907000
0.002977000
0.002768000
0.004980000
0.002806000
0.002777000
0.002907000
0.002917000
0.002963000
0.002999000
0.010108000
0.012322000
0.018247000
0.015968000
0.000066000
0.000015000
0.000017000
0.000030000
0.000019000
0.000025000
0.000014000
0.000033000
0.000025000
0.000023000
0.000017000
0.000027000
0.000053000
0.000042000
0.001898000
0.001897000
0.004032000
0.002011000
0.000019000
0.003981000
0.005846000
0.000021000
0.000030000
0.000031000
0.000032000
0.000024000
0.001948000
0.002258000
0.004271000
0.006395000
0.004501000
0.002644000
0.002532000
0.006456000
0.004540000
0.006663000
0.000024000
0.002063000
0.000066000
0.001954000
0.001896000
0.000047000
0.000041000
0.000026000
0.001843000
0.000022000
0.000020000
0.005853000
0.002174000
0.000046000
0.002254000
0.000020000
0.000037000
0.000028000
0.002387000
0.000018000
0.002195000
0.004314000
0.000018000
0.000021000
0.000025000
0.002160000
0.004436000
0.002398000
0.000026000
0.000007000
0.000044000
0.000050000
0.002075000
0.002160000
0.004360000
0.000035000
0.000056000
0.009020000
0.013112000
0.000028000
0.006716000
0.004026000
0.000029000
0.003699000
0.000031000
0.000028000
0.000017000
0.000019000
0.000050000
0.002406000
0.000033000
0.000059000
0.002340000
0.002323000
0.000038000
0.002232000
0.000035000
0.000024000
0.002484000
0.000029000
0.002251000
0.000033000
0.000021000
0.004582000
0.002540000
0.004789000
0.004735000
0.000029000
0.000047000
0.000052000
0.002013000
0.000073000
0.004347000
0.000078000
0.001823000
0.000014000
0.000031000
0.000019000
0.004290000
0.012889000
0.002378000
0.000043000
0.000030000
0.000024000
0.000024000
0.000037000
0.000058000
0.001845000
0.000026000
0.000024000
0.000032000
0.001991000
0.001985000
0.000010000
0.000026000
0.000029000
0.001977000
0.000027000
0.000042000
0.000031000
0.001944000
0.000027000
0.000036000
0.003912000
0.001974000
0.002059000
0.000024000
0.005959000
0.000015000
0.004497000
0.004436000
0.000028000
0.000056000
0.002256000
0.004438000
0.004352000
0.006650000
0.002191000
0.000036000
0.001814000
0.004162000
0.005747000
0.005461000
0.000012000
0.001951000
0.002020000
0.000013000
0.005864000
0.001866000
0.000019000
0.001859000
0.000032000
0.000020000
0.000020000
0.000024000
0.002190000
0.006139000
0.005932000
0.000026000
0.000018000
0.002024000
0.003967000
0.000024000
0.000018000
0.000007000
0.002127000
0.002099000
0.000031000
0.004521000
0.000026000
0.002047000
0.002209000
0.006397000
0.002175000
0.000015000
0.002253000
0.002294000
0.004403000
0.000057000
0.002077000
0.000072000
0.000054000
0.000033000
0.008054000
0.000023000
0.000024000
0.000023000
0.001858000
0.001836000
0.000031000
0.000019000
0.000038000
0.005880000
0.000027000
0.000035000
0.000023000
0.000014000
0.002120000
0.004177000
0.002321000
0.002214000
0.000028000
0.004283000
0.000025000
0.006416000
0.000031000
0.000042000
0.004279000
0.012226000
0.000042000
0.002243000
0.002321000
0.008729000
0.004502000
0.002347000
0.004485000
0.008799000
0.014944000
0.000016000
0.004166000
0.012787000
0.000042000
0.004119000
0.006192000
0.002078000
0.000037000
0.000007000
0.003833000
0.000023000
0.000022000
0.000027000
0.002377000
0.002310000
0.004639000
0.002389000
0.000030000
0.006565000
0.006572000
0.004711000
0.002423000
0.000022000
0.008675000
0.000014000
0.000022000
0.000044000
0.011028000
0.002251000
0.001905000
0.001870000
0.002083000
0.002098000
0.000082000
0.000037000
0.000058000
0.000032000
0.004234000
0.000045000
0.002142000
0.000025000
0.004338000
0.004468000
0.004300000
0.002158000
0.004346000
0.000025000
0.002005000
0.000040000
0.000016000
0.005619000
0.000021000
0.002178000
0.004232000
0.000016000
0.000022000
0.000024000
0.004128000
0.000019000
0.001956000
0.002191000
0.000024000
0.002161000
0.000016000
0.006664000
0.000015000
0.001878000
0.004391000
0.000024000
0.000027000
0.004286000
0.000017000
0.002724000
0.000055000
0.002336000
0.002361000
0.000022000
0.004438000
0.000053000
0.000024000
0.000039000
0.000028000
0.008043000
0.004481000
0.012374000
0.012443000
0.003908000
0.000035000
0.001977000
0.000049000
0.000045000
0.001925000
0.000026000
0.000042000
0.000031000
0.002293000
0.002468000
0.004598000
0.002314000
0.006494000
0.002168000
0.004301000
0.000007000
0.000031000
0.006659000
0.008696000
0.000065000
0.002143000
0.000022000
0.004513000
0.000019000
0.000024000
0.000014000
0.009088000
0.004737000
0.007022000
0.000025000
0.000023000
0.000039000
0.007168000
0.011528000
0.000035000
0.004339000
0.000027000
0.000035000
0.006185000
0.000020000
0.000013000
0.000029000
0.000051000
0.004030000
0.002143000
0.000031000
0.000019000
0.000039000
0.001880000
0.004103000
0.000062000
0.000039000
0.001831000
0.000039000
0.003806000
0.007704000
0.001971000
0.000048000
0.001895000
0.001874000
0.000028000
0.004018000
0.001872000
0.000046000
0.000025000
0.000034000
0.000020000
0.002260000
0.000022000
0.000024000
0.006117000
0.004235000
0.006692000
0.004827000
0.008752000
0.000010000
0.003924000
0.000029000
0.001977000
0.002001000
0.000039000
0.001882000
0.004071000
0.002330000
0.002320000
0.000019000
0.004618000
0.000041000
0.002450000
0.004800000
0.002529000
0.002532000
0.000018000
0.000030000
0.000015000
0.002198000
0.000035000
0.000053000
0.000013000
0.002253000
0.000011000
0.000029000
0.002554000
0.004656000
0.000014000
0.006773000
0.004550000
0.002448000
0.002368000
0.000028000
0.000052000
0.008920000
0.000027000
0.004501000
0.000031000
0.008635000
0.000006000
0.002232000
0.002333000
0.002085000
0.000030000
0.000033000
0.000046000
0.000041000
0.002021000
0.004077000
0.002196000
0.002124000
0.002254000
0.000057000
0.002483000
0.002424000
0.006673000
0.004483000
0.000024000
0.013340000
0.002635000
0.002410000
0.000023000
0.002212000
0.000021000
0.000035000
0.005107000
0.002365000
0.008944000
0.000029000
0.004346000
0.000071000
0.000042000
0.000022000
0.011059000
0.000016000
0.000009000
0.000034000
0.006452000
0.000026000
0.000062000
0.000053000
0.004313000
0.000035000
0.002025000
0.000057000
0.000045000
0.000032000
0.000040000
0.000011000
0.000034000
0.000057000
0.010006000
0.000022000
0.002128000
0.000065000
0.002236000
0.000024000
0.002028000
0.000021000
0.003963000
0.000013000
0.002055000
0.002139000
0.000011000
0.010744000
0.002501000
0.005026000
0.000021000
0.000012000
0.000019000
0.005021000
0.000037000
0.009648000
0.005022000
0.009842000
0.002325000
0.004504000
0.002341000
0.002237000
0.000014000
0.010601000
0.006565000
0.001834000
0.000030000
0.000020000
0.000035000
0.000015000
0.000023000
0.000052000
0.000049000
0.007947000
0.000036000
0.000015000
0.002276000
0.002314000
0.006118000
0.000028000
0.001913000
0.001932000
0.000026000
0.006263000
0.004458000
0.010447000
0.000024000
0.004682000
0.002288000
0.000006000
0.006495000
0.002025000
0.000045000
0.000025000
0.000044000
0.000026000
0.002126000
0.001985000
0.004046000
0.001895000
0.000007000
0.000027000
0.006433000
0.002228000
0.000016000
0.000023000
0.000017000
0.000026000
0.000021000
0.000059000
0.003789000
0.002046000
0.003944000
0.000043000
0.001882000
0.000039000
0.003954000
0.000038000
0.001915000
0.002247000
0.000015000
0.002183000
0.000044000
0.000033000
0.006160000
0.000024000
0.000020000
0.000054000
0.002134000
0.000052000
0.000036000
0.000033000
0.002422000
0.006451000
0.000028000
0.006821000
0.010740000
0.002333000
0.004498000
0.000014000
0.002264000
0.006183000
0.002200000
0.001917000
0.000031000
0.000026000
0.000021000
0.000018000
0.000008000
0.000023000
0.000030000
0.002177000
0.004040000
0.000019000
0.000033000
0.000019000
0.000031000
0.000035000
0.000022000
0.002185000
0.000014000
0.004392000
0.000054000
0.000031000
0.000034000
0.000031000
0.001996000
0.000032000
0.000064000
0.010423000
0.001939000
0.000054000
0.000034000
0.002226000
0.000022000
0.002266000
0.002415000
0.002380000
0.002603000
0.000032000
0.001880000
0.025070000
0.002131000
0.017125000
0.002457000
0.000023000
0.001884000
0.000017000
0.001969000
0.000011000
0.002143000
0.000081000
0.000019000
0.002224000
0.002389000
0.000050000
0.000022000
0.000074000
0.000028000
0.000020000
0.002021000
0.004071000
0.001913000
0.000008000
0.002121000
0.001907000
0.004118000
0.002048000
0.002668000
0.004440000
0.000012000
0.002204000
0.008790000
0.004869000
0.002387000
0.002548000
0.000018000
0.002144000
0.004726000
0.002187000
0.000031000
0.008266000
0.000030000
0.004783000
0.006789000
0.002161000
0.000028000
0.000033000
0.000048000
0.004029000
0.000051000
0.000044000
0.000025000
0.001790000
0.004290000
0.006203000
0.000038000
0.002053000
0.004262000
0.000036000
0.002038000
0.002049000
0.002018000
0.004248000
0.001914000
0.000016000
0.010291000
0.002111000
0.000014000
0.000018000
0.002162000
0.002339000
0.000014000
0.002220000
0.006692000
0.000031000
0.004761000
0.004403000
0.007021000
0.000024000
0.000025000
0.004049000
0.000033000
0.000053000
0.000037000
0.000020000
0.000020000
0.003918000
0.000063000
0.005896000
0.000019000
0.001980000
0.000045000
0.002300000
0.000019000
0.003883000
0.000042000
0.000021000
0.000033000
0.000043000
0.000041000
0.001619000
0.000020000
0.003569000
0.000020000
0.001864000
0.003717000
0.002118000
0.000027000
0.008065000
0.000025000
0.004444000
0.000043000
0.006528000
0.002316000
0.004229000
0.000034000
0.002524000
0.000078000
0.011278000
0.006586000
0.000056000
0.002073000
0.003861000
0.005672000
0.000026000
0.000025000
0.000014000
0.002132000
0.001971000
0.000059000
0.000081000
0.004281000
0.006374000
0.002279000
0.000032000
0.000038000
0.004305000
0.002063000
0.000030000
0.008818000
0.004498000
0.011024000
0.002625000
0.002512000
0.002425000
0.000016000
0.000016000
0.000006000
0.004567000
0.000015000
0.000034000
0.001837000
0.000013000
0.001832000
0.001825000
0.004061000
0.000021000
0.002310000
0.000013000
0.001998000
0.010393000
0.002212000
0.000017000
0.004320000
0.000045000
0.002198000
0.003818000
0.000006000
0.004360000
0.001941000
0.000023000
0.000036000
0.002148000
0.000013000
0.000046000
0.000036000
0.000046000
0.000071000
0.001810000
0.001891000
0.003803000
0.002148000
0.002213000
0.002176000
0.002226000
0.006075000
0.000035000
0.000031000
0.001853000
0.001918000
0.002028000
0.003946000
0.002198000
0.000033000
0.004471000
0.006467000
0.002187000
0.000019000
0.005806000
0.006001000
0.004249000
0.002334000
0.006354000
0.002333000
0.003502000
0.000030000
0.000020000
0.001758000
0.000025000
0.000032000
0.000030000
0.000042000
0.000032000
0.009578000
0.000044000
0.002060000
0.001965000
0.007939000
0.006240000
0.001949000
0.000030000
0.002158000
0.000047000
0.003969000
0.000032000
0.002054000
0.000037000
0.005943000
0.000013000
0.003969000
0.007611000
0.001954000
0.006190000
0.001964000
0.002061000
0.001940000
0.000025000
0.004122000
0.004044000
0.002228000
0.002308000
0.000008000
0.000018000
0.004104000
0.002004000
0.001896000
0.000007000
0.004379000
0.000062000
0.000031000
0.002136000
0.000035000
0.001965000
0.001975000
0.002018000
0.000039000
0.008653000
0.004647000
0.002386000
0.000032000
0.002025000
0.000021000
0.003691000
0.001932000
0.000034000
0.002296000
0.004466000
0.001879000
0.002032000
0.008687000
0.000018000
0.002188000
0.002280000
0.002216000
0.000012000
0.012918000
0.004474000
0.000015000
0.002401000
0.002359000
0.002247000
0.004454000
0.008759000
0.000067000
0.003946000
0.000013000
0.006035000
0.000021000
0.000028000
0.002050000
0.000008000
0.000017000
0.000012000
0.000046000
0.005362000
0.001763000
0.002269000
0.002048000
0.002174000
0.000027000
0.002246000
0.004282000
0.000046000
0.004468000
0.002286000
0.010933000
0.000017000
0.000023000
0.002315000
0.000044000
0.015412000
0.000069000
0.003838000
0.008057000
0.004045000
0.004236000
0.001887000
0.002058000
0.000061000
0.004029000
0.006181000
0.000036000
0.002092000
0.002526000
0.002139000
0.000023000
0.004239000
0.004178000
0.002083000
0.004231000
0.001971000
0.000033000
0.000028000
0.000060000
0.002052000
0.002195000
0.000045000
0.000133000
0.000027000
0.000019000
0.000031000
0.004237000
0.002315000
0.000086000
0.001904000
0.001996000
0.004464000
0.000058000
0.001950000
0.003967000
0.000023000
0.000032000
0.002235000
0.000031000
0.000041000
0.000029000
0.006755000
0.002223000
0.002129000
0.000069000
0.002267000
0.004406000
0.000027000
0.002033000
0.000005000
0.000006000
0.000006000
0.000005000
0.000006000
0.000005000
0.000006000
0.000005000
0.000005000
0.000006000
0.000006000
0.000006000
0.000004000
0.000005000
0.000006000
0.000005000
0.000004000
0.000006000
0.000004000
0.000004000
0.000004000
0.000005000
0.000004000
0.000005000
0.000006000
0.000004000
0.000003000
0.000004000
0.000005000
0.000005000
0.000004000
0.000004000
0.000004000
0.000004000
0.000003000
0.000004000
0.000003000
0.000004000
0.000003000
0.000006000
