0.000391000
0.000581000
0.000077000
0.001593000
0.000980000
0.001575000
0.001605000
0.000880000
0.000286000
0.000275000
0.000120000
0.001549000
0.000114000
0.000152000
0.000744000
0.002042000
0.000385000
0.000050000
0.000068000
0.000131000
0.001700000
0.000109000
0.002320000
0.000988000
0.000852000
0.000769000
0.000092000
0.000972000
0.000177000
0.001692000
0.000076000
0.003377000
0.000067000
0.000095000
0.000140000
0.000899000
0.000098000
0.000756000
0.001554000
0.001701000
0.000514000
0.001345000
0.000349000
0.000126000
0.000864000
0.000761000
0.001743000
0.003319000
0.000006000
0.000008000
0.000007000
0.000007000
0.000014000
0.000007000
0.000007000
0.000007000
