0.000020000
0.000020000
0.000062000
0.001910000
0.002058000
0.003842000
0.003867000
0.003819000
0.000025000
0.000045000
0.001568000
0.000037000
0.000032000
0.000010000
0.000017000
0.007256000
0.000028000
0.001792000
0.000030000
0.000011000
0.000036000
0.000036000
0.001977000
0.001465000
0.000019000
0.000027000
0.001617000
0.001595000
0.000005000
0.001914000
0.001893000
0.001738000
0.000029000
0.000005000
0.000014000
0.000050000
0.002068000
0.000021000
0.005526000
0.001963000
0.001491000
0.003082000
0.000023000
0.002225000
0.001759000
0.008617000
0.000035000
0.002008000
0.000025000
0.000022000
0.000016000
0.001818000
0.000027000
0.000019000
0.000045000
0.000041000
0.000029000
0.000065000
0.000072000
0.000037000
0.001722000
0.003764000
0.000017000
0.012186000
0.001812000
0.000029000
0.003633000
0.000017000
0.000031000
0.001862000
0.001710000
0.000020000
0.000013000
0.000016000
0.001788000
0.001783000
0.001917000
0.000006000
0.000011000
0.001645000
0.000021000
0.000044000
0.005996000
0.002214000
0.003729000
0.001746000
0.001557000
0.002307000
0.000047000
0.000060000
0.000026000
0.004049000
0.004020000
0.002153000
0.001667000
0.000025000
0.000035000
0.000030000
0.001635000
0.000032000
0.001589000
0.000022000
0.000049000
0.001630000
0.000011000
0.000036000
0.000055000
0.000011000
0.000025000
0.000049000
0.005160000
0.004289000
0.000056000
0.000046000
0.000031000
0.000069000
0.003752000
0.000010000
0.000041000
0.000018000
0.000058000
0.001895000
0.001685000
0.000014000
0.001732000
0.001839000
0.005223000
0.003378000
0.000044000
0.000031000
0.000056000
0.003981000
0.000045000
0.003507000
0.002010000
0.001968000
0.003198000
0.003044000
0.000004000
0.001760000
0.000016000
0.000012000
0.000015000
0.001784000
0.000030000
0.003542000
0.001598000
0.001650000
0.005442000
0.011247000
0.001576000
0.000042000
0.000003000
0.000004000
0.000004000
0.000004000
0.000004000
0.000003000
0.000003000
0.000003000
