0.000075000
0.000554000
0.000052000
0.001576000
0.000851000
0.001560000
0.001594000
0.000875000
0.000107000
0.000073000
0.000077000
0.001520000
0.000041000
0.000040000
0.000714000
0.001975000
0.000063000
0.000038000
0.000045000
0.000060000
0.001620000
0.000070000
0.002221000
0.000861000
0.000794000
0.000738000
0.000035000
0.000952000
0.000041000
0.001666000
0.000013000
0.003349000
0.000057000
0.000045000
0.000023000
0.000880000
0.000045000
0.000697000
0.001507000
0.001646000
0.000496000
0.001270000
0.000044000
0.000021000
0.000760000
0.000689000
0.001710000
0.003150000
0.000003000
0.000004000
0.000004000
0.000004000
0.000008000
0.000004000
0.000004000
0.000003000
