0.000045000
0.000084000
0.000049000
0.000887000
0.000043000
0.000043000
0.001455000
0.000051000
0.001562000
0.000037000
0.000090000
0.000055000
0.000867000
0.000048000
0.001038000
0.001148000
0.000033000
0.001957000
0.000037000
0.000018000
0.002636000
0.001180000
0.000033000
0.002177000
0.000060000
0.001240000
0.000077000
0.002441000
0.001285000
0.001279000
0.002444000
0.002821000
0.001517000
0.002852000
0.003906000
0.002970000
0.003214000
0.003198000
0.003065000
0.005165000
0.000711000
0.000064000
0.001016000
0.000017000
0.000043000
0.000951000
0.000943000
0.000046000
0.000884000
0.000874000
0.001708000
0.000994000
0.000038000
0.000067000
0.001135000
0.000049000
0.000053000
0.000035000
0.001076000
0.001143000
0.002210000
0.001129000
0.000045000
0.001301000
0.002362000
0.001296000
0.001315000
0.001395000
0.000074000
0.002500000
0.001398000
0.000017000
0.000009000
0.003831000
0.001617000
0.003891000
0.002635000
0.003423000
0.003384000
0.002287000
0.000049000
0.000040000
0.000044000
0.000686000
0.000035000
0.000053000
0.000058000
0.000045000
0.000034000
0.000040000
0.000050000
0.000111000
0.000117000
0.000038000
0.000136000
0.000037000
0.001108000
0.000016000
0.000156000
0.001197000
0.001079000
0.000031000
0.000113000
0.002424000
0.002316000
0.001322000
0.000063000
0.000142000
0.001250000
0.000045000
0.001333000
0.001374000
0.001429000
0.000022000
0.003707000
0.002491000
0.003918000
0.000008000
0.000040000
0.004955000
0.001393000
0.000036000
0.000838000
0.000047000
0.000729000
0.001548000
0.000756000
0.000040000
0.000848000
0.001491000
0.000034000
0.000050000
0.002390000
0.003302000
0.000671000
0.000718000
0.000885000
0.000113000
0.001803000
0.000043000
0.000041000
0.000075000
0.000995000
0.002038000
0.001987000
0.000937000
0.000908000
0.000031000
0.000963000
0.000034000
0.000124000
0.001158000
0.000076000
0.002213000
0.000045000
0.004361000
0.001206000
0.001213000
0.001200000
0.002087000
0.000037000
0.000040000
0.000046000
0.000039000
0.000035000
0.000731000
0.001535000
0.000038000
0.002231000
0.000034000
0.001540000
0.002430000
0.001917000
0.000047000
0.001256000
0.000074000
0.002319000
0.000059000
0.000077000
0.001354000
0.000018000
0.001291000
0.002494000
0.000039000
0.000034000
0.002491000
0.001169000
0.000064000
0.001209000
0.002247000
0.000067000
0.000057000
0.001215000
0.004616000
0.002446000
0.000044000
0.001070000
0.002183000
0.002174000
0.003314000
0.000049000
0.000065000
0.000056000
0.000030000
0.001455000
0.000853000
0.000060000
0.000044000
0.002961000
0.000022000
0.000022000
0.001061000
0.000039000
0.000057000
0.000093000
0.002774000
0.001844000
0.001152000
0.001154000
0.000040000
0.000017000
0.003146000
0.001376000
0.001422000
0.000079000
0.002852000
0.001234000
0.000089000
0.004479000
0.001330000
0.001208000
0.000050000
0.000083000
0.001264000
0.005332000
0.002531000
0.002784000
0.001332000
0.002384000
0.001236000
0.000079000
0.000046000
0.000052000
0.000055000
0.000737000
0.002798000
0.003092000
0.000080000
0.000998000
0.001789000
0.001912000
0.000081000
0.002127000
0.000035000
0.000058000
0.000037000
0.000043000
0.002043000
0.005122000
0.001117000
0.000051000
0.001165000
0.001301000
0.000055000
0.000038000
0.001005000
0.000046000
0.000070000
0.001282000
0.003299000
0.002384000
0.003554000
0.000056000
0.006749000
0.000044000
0.002433000
0.001324000
0.001331000
0.003925000
0.003617000
0.000056000
0.000712000
0.000022000
0.001802000
0.001849000
0.000091000
0.000104000
0.000046000
0.001127000
0.000095000
0.000083000
0.000050000
0.004069000
0.000051000
0.003075000
0.000107000
0.000164000
0.000042000
0.000054000
0.008139000
0.002914000
0.000889000
0.000987000
0.000056000
0.001126000
0.001082000
0.004755000
0.000019000
0.000202000
0.000029000
0.001451000
0.001412000
0.001572000
0.002827000
0.000064000
0.000121000
0.000016000
0.002820000
0.000057000
0.004193000
0.000038000
0.000686000
0.000898000
0.002339000
0.000750000
0.000092000
0.000739000
0.003023000
0.000066000
0.001141000
0.000071000
0.000079000
0.000102000
0.001737000
0.001465000
0.000034000
0.001540000
0.002299000
0.000054000
0.002360000
0.000055000
0.001695000
0.001096000
0.000035000
0.001933000
0.002001000
0.001163000
0.003801000
0.001349000
0.000073000
0.000054000
0.001189000
0.002299000
0.001269000
0.001337000
0.000018000
0.001403000
0.004213000
0.006260000
0.003975000
0.000066000
0.000043000
0.000039000
0.000758000
0.000042000
0.000067000
0.000679000
0.000034000
0.000117000
0.000068000
0.000143000
0.000023000
0.002981000
0.000943000
0.001750000
0.000821000
0.000062000
0.000071000
0.000927000
0.001077000
0.001023000
0.001048000
0.000997000
0.000060000
0.001946000
0.001133000
0.003145000
0.000024000
0.000036000
0.002500000
0.001468000
0.000024000
0.000031000
0.000040000
0.001508000
0.000039000
0.002683000
0.002821000
0.001597000
0.002569000
0.000941000
0.000055000
0.000086000
0.000648000
0.000049000
0.000539000
0.000045000
0.000042000
0.000977000
0.000030000
0.000053000
0.000651000
0.000680000
0.000742000
0.002343000
0.001177000
0.000696000
0.000062000
0.002172000
0.001027000
0.000994000
0.000046000
0.000035000
0.001159000
0.000050000
0.002240000
0.000627000
0.001276000
0.000049000
0.002760000
0.000052000
0.000549000
0.000026000
0.001574000
0.000488000
0.000052000
0.000066000
0.000055000
0.000027000
0.000572000
0.000009000
0.000010000
0.000009000
0.000009000
0.000009000
0.000028000
0.000008000
0.000008000
0.000009000
0.000008000
0.000008000
0.000006000
0.000009000
0.000009000
0.000006000
0.000008000
0.000005000
0.000014000
0.000008000
0.000007000
0.000007000
0.000008000
0.000006000
0.000005000
0.000007000
0.000007000
0.000009000
0.000027000
0.000007000
0.000008000
0.000008000
0.000005000
0.000009000
0.000006000
0.000005000
0.000005000
0.000006000
0.000006000
0.000005000
0.000006000
