0.000003000
0.000003000
0.000038000
0.000051000
0.000007000
0.000003000
0.000005000
0.000004000
0.000009000
0.000047000
0.000065000
0.000034000
0.000105000
0.000016000
0.000010000
0.000583000
0.000012000
0.000036000
0.000002000
0.000104000
0.000763000
0.000026000
0.000012000
0.000010000
0.000309000
0.000284000
0.000002000
0.000309000
0.000022000
0.000618000
0.000008000
0.000612000
0.000002000
0.000375000
0.000019000
0.000445000
0.000448000
0.000497000
0.000045000
0.000018000
0.000510000
0.000672000
0.000669000
0.000652000
0.000698000
0.000025000
0.000703000
0.000011000
0.001500000
0.000830000
0.000763000
0.000021000
0.000049000
0.000071000
0.000845000
0.000069000
0.000998000
0.000053000
0.000882000
0.000054000
0.000029000
0.000020000
0.000031000
0.000799000
0.000038000
0.000041000
0.002162000
0.000054000
0.001808000
0.001169000
0.001198000
0.000044000
0.002025000
0.000027000
0.000033000
0.002045000
0.001209000
0.002100000
0.000019000
0.000004000
0.000012000
0.001297000
0.000023000
0.000022000
0.000031000
0.002058000
0.001267000
0.000034000
0.001345000
0.000062000
0.001464000

0.001576000
0.001583000
0.001486000

0.002655000
0.001488000
0.001453000
0.001441000
0.003553000
0.001473000
0.002575000
0.001473000
0.001495000
0.004108000

0.002708000
0.001496000
0.003473000
0.001448000
0.001477000
0.001468000
0.003548000
0.001486000
0.002663000
0.001433000
0.001434000
0.002656000
0.001391000
0.001424000
0.001368000
0.002734000

