0.000022000
0.000022000
0.000035000
0.000855000
0.000026000
0.000029000
0.001442000
0.000036000
0.001553000
0.000022000
0.000021000
0.000023000
0.000848000
0.000036000
0.001032000
0.001050000
0.000026000
0.001943000
0.000024000
0.000014000
0.002628000
0.001149000
0.000024000
0.002129000
0.000050000
0.001233000
0.000037000
0.002422000
0.001273000
0.001270000
0.002395000
0.002750000
0.001510000
0.002839000
0.003874000
0.002918000
0.003199000
0.003178000
0.003052000
0.005137000
0.000625000
0.000032000
0.000997000
0.000006000
0.000024000
0.000935000
0.000935000
0.000028000
0.000803000
0.000865000
0.001687000
0.000981000
0.000026000
0.000025000
0.001061000
0.000030000
0.000035000
0.000026000
0.001049000
0.001050000
0.002189000
0.001117000
0.000038000
0.001250000
0.002319000
0.001281000
0.001307000
0.001383000
0.000063000
0.002455000
0.001366000
0.000008000
0.000005000
0.003811000
0.001564000
0.003883000
0.002567000
0.003419000
0.003367000
0.002244000
0.000034000
0.000032000
0.000017000
0.000629000
0.000026000
0.000020000
0.000038000
0.000027000
0.000029000
0.000019000
0.000022000
0.000045000
0.000015000
0.000024000
0.000017000
0.000019000
0.001092000
0.000006000
0.000023000
0.001167000
0.001065000
0.000026000
0.000029000
0.002412000
0.002308000
0.001306000
0.000030000
0.000029000
0.001236000
0.000013000
0.001305000
0.001365000
0.001399000
0.000018000
0.003640000
0.002480000
0.003911000
0.000004000
0.000025000
0.004935000
0.001359000
0.000017000
0.000823000
0.000038000
0.000712000
0.001540000
0.000753000
0.000023000
0.000835000
0.001458000
0.000015000
0.000037000
0.002371000
0.003288000
0.000660000
0.000707000
0.000877000
0.000047000
0.001791000
0.000030000
0.000028000
0.000018000
0.000981000
0.002029000
0.001972000
0.000923000
0.000898000
0.000022000
0.000851000
0.000023000
0.000059000
0.001141000
0.000055000
0.002205000
0.000022000
0.004351000
0.001200000
0.001201000
0.001184000
0.002075000
0.000025000
0.000027000
0.000029000
0.000023000
0.000020000
0.000704000
0.001504000
0.000025000
0.002220000
0.000022000
0.001532000
0.002353000
0.001887000
0.000021000
0.001238000
0.000028000
0.002298000
0.000044000
0.000019000
0.001344000
0.000014000
0.001256000
0.002488000
0.000025000
0.000022000
0.002482000
0.001165000
0.000035000
0.001199000
0.002236000
0.000045000
0.000039000
0.001206000
0.004603000
0.002349000
0.000029000
0.001060000
0.002129000
0.002126000
0.003304000
0.000030000
0.000028000
0.000044000
0.000017000
0.001445000
0.000849000
0.000015000
0.000033000
0.002945000
0.000010000
0.000006000
0.001043000
0.000023000
0.000040000
0.000022000
0.002757000
0.001826000
0.001137000
0.001135000
0.000031000
0.000009000
0.003095000
0.001368000
0.001375000
0.000060000
0.002831000
0.001218000
0.000016000
0.004464000
0.001261000
0.001196000
0.000033000
0.000028000
0.001237000
0.005312000
0.002488000
0.002766000
0.001314000
0.002319000
0.001199000
0.000015000
0.000037000
0.000037000
0.000040000
0.000717000
0.002787000
0.003068000
0.000012000
0.000986000
0.001769000
0.001857000
0.000061000
0.002071000
0.000023000
0.000038000
0.000023000
0.000030000
0.002020000
0.005077000
0.001054000
0.000030000
0.001139000
0.001277000
0.000046000
0.000022000
0.000985000
0.000028000
0.000034000
0.001273000
0.003284000
0.002373000
0.003504000
0.000041000
0.006737000
0.000030000
0.002416000
0.001317000
0.001287000
0.003919000
0.003593000
0.000037000
0.000692000
0.000015000
0.001785000
0.001830000
0.000054000
0.000033000
0.000029000
0.001082000
0.000040000
0.000028000
0.000032000
0.003981000
0.000027000
0.003064000
0.000085000
0.000043000
0.000027000
0.000020000
0.008130000
0.002906000
0.000885000
0.000974000
0.000029000
0.001079000
0.001077000
0.004742000
0.000015000
0.000026000
0.000021000
0.001428000
0.001397000
0.001553000
0.002816000
0.000054000
0.000012000
0.000006000
0.002802000
0.000053000
0.004128000
0.000020000
0.000676000
0.000887000
0.002327000
0.000743000
0.000047000
0.000728000
0.003004000
0.000027000
0.001126000
0.000041000
0.000019000
0.000033000
0.001724000
0.001454000
0.000017000
0.001533000
0.002282000
0.000025000
0.002275000
0.000022000
0.001615000
0.001079000
0.000026000
0.001926000
0.001951000
0.001148000
0.003748000
0.001291000
0.000045000
0.000028000
0.001173000
0.002247000
0.001258000
0.001322000
0.000014000
0.001388000
0.004196000
0.006247000
0.003948000
0.000049000
0.000025000
0.000025000
0.000721000
0.000027000
0.000025000
0.000638000
0.000017000
0.000050000
0.000045000
0.000036000
0.000009000
0.002939000
0.000935000
0.001743000
0.000802000
0.000025000
0.000057000
0.000916000
0.001058000
0.000947000
0.000952000
0.000985000
0.000040000
0.001937000
0.001069000
0.003135000
0.000015000
0.000017000
0.002486000
0.001447000
0.000011000
0.000022000
0.000018000
0.001498000
0.000028000
0.002647000
0.002795000
0.001573000
0.002527000
0.000930000
0.000023000
0.000071000
0.000630000
0.000032000
0.000521000
0.000028000
0.000021000
0.000945000
0.000017000
0.000039000
0.000637000
0.000650000
0.000723000
0.002264000
0.001156000
0.000683000
0.000026000
0.002159000
0.001014000
0.000987000
0.000029000
0.000021000
0.001138000
0.000019000
0.002213000
0.000579000
0.001252000
0.000027000
0.002743000
0.000019000
0.000538000
0.000016000
0.001563000
0.000477000
0.000021000
0.000045000
0.000034000
0.000017000
0.000563000
0.000005000
0.000006000
0.000005000
0.000005000
0.000005000
0.000024000
0.000004000
0.000004000
0.000006000
0.000004000
0.000004000
0.000003000
0.000005000
0.000006000
0.000003000
0.000005000
0.000003000
0.000012000
0.000004000
0.000004000
0.000004000
0.000004000
0.000004000
0.000003000
0.000004000
0.000004000
0.000005000
0.000024000
0.000004000
0.000005000
0.000004000
0.000003000
0.000005000
0.000003000
0.000003000
0.000003000
0.000003000
0.000003000
0.000002000
0.000003000
