0.000046000
0.000036000
0.000056000
0.000058000
0.000090000
0.002201000
0.000047000
0.000047000
0.000021000
0.000018000
0.000053000
0.000021000
0.001957000
0.000034000
0.003967000
0.000086000
0.002237000
0.002190000
0.000021000
0.002215000
0.000091000
0.002442000
0.002618000
0.002643000
0.002816000
0.002907000
0.002923000
0.002997000
0.002789000
0.004991000
0.002823000
0.002791000
0.002969000
0.002936000
0.002970000
0.003014000
0.010222000
0.012373000
0.018269000
0.016003000
0.000135000
0.000022000
0.000029000
0.000051000
0.000040000
0.000045000
0.000035000
0.000043000
0.000039000
0.000027000
0.000133000
0.000049000
0.000075000
0.000052000
0.002034000
0.001907000
0.004057000
0.002061000
0.000038000
0.004009000
0.005864000
0.000035000
0.000041000
0.000060000
0.000049000
0.000117000
0.001968000
0.002291000
0.004282000
0.006408000
0.004517000
0.002725000
0.002564000
0.006469000
0.004594000
0.006675000
0.000038000
0.002082000
0.000085000
0.001968000
0.001913000
0.000064000
0.000116000
0.000042000
0.001901000
0.000034000
0.000071000
0.005901000
0.002181000
0.000051000
0.002276000
0.000030000
0.000062000
0.000057000
0.002404000
0.000048000
0.002204000
0.004337000
0.000027000
0.000052000
0.000059000
0.002225000
0.004452000
0.002427000
0.000047000
0.000021000
0.000072000
0.000071000
0.002089000
0.002172000
0.004438000
0.000074000
0.000066000
0.009044000
0.013119000
0.000036000
0.006731000
0.004042000
0.000059000
0.003718000
0.000051000
0.000098000
0.000046000
0.000033000
0.000101000
0.002421000
0.000099000
0.000074000
0.002367000
0.002342000
0.000066000
0.002269000
0.000049000
0.000035000
0.002512000
0.000055000
0.002266000
0.000077000
0.000053000
0.004594000
0.002563000
0.004814000
0.004761000
0.000042000
0.000061000
0.000062000
0.002095000
0.000097000
0.004368000
0.000093000
0.001857000
0.000030000
0.000093000
0.000028000
0.004342000
0.012962000
0.002400000
0.000187000
0.000053000
0.000028000
0.000060000
0.000046000
0.000071000
0.001863000
0.000040000
0.000063000
0.000040000
0.002019000
0.001998000
0.000022000
0.000043000
0.000048000
0.002058000
0.000040000
0.000059000
0.000047000
0.001965000
0.000042000
0.000059000
0.004008000
0.001990000
0.002073000
0.000041000
0.006006000
0.000158000
0.004517000
0.004456000
0.000038000
0.000073000
0.002267000
0.004472000
0.004408000
0.006667000
0.002225000
0.000052000
0.001928000
0.004180000
0.005761000
0.005483000
0.000109000
0.001994000
0.002082000
0.000028000
0.005882000
0.001885000
0.000066000
0.001869000
0.000079000
0.000123000
0.000024000
0.000200000
0.002201000
0.006152000
0.005936000
0.000042000
0.000116000
0.002042000
0.003979000
0.000035000
0.000031000
0.000019000
0.002131000
0.002103000
0.000047000
0.004533000
0.000041000
0.002096000
0.002251000
0.006401000
0.002251000
0.000034000
0.002304000
0.002318000
0.004419000
0.000067000
0.002102000
0.000084000
0.000063000
0.000097000
0.008168000
0.000032000
0.000066000
0.000027000
0.001866000
0.001855000
0.000060000
0.000037000
0.000089000
0.005899000
0.000066000
0.000058000
0.000068000
0.000131000
0.002129000
0.004184000
0.002335000
0.002227000
0.000041000
0.004297000
0.000057000
0.006430000
0.000041000
0.000133000
0.004302000
0.012311000
0.000058000
0.002252000
0.002341000
0.008750000
0.004517000
0.002363000
0.004503000
0.008849000
0.014955000
0.000028000
0.004186000
0.012813000
0.000067000
0.004234000
0.006206000
0.002133000
0.000047000
0.000019000
0.003893000
0.000033000
0.000046000
0.000055000
0.002402000
0.002315000
0.004676000
0.002422000
0.000043000
0.006595000
0.006594000
0.004729000
0.002450000
0.000057000
0.008720000
0.000055000
0.000047000
0.000084000
0.011056000
0.002295000
0.001924000
0.001888000
0.002095000
0.002148000
0.000103000
0.000047000
0.000077000
0.000072000
0.004250000
0.000075000
0.002167000
0.000093000
0.004393000
0.004497000
0.004315000
0.002200000
0.004366000
0.000077000
0.002039000
0.000093000
0.000020000
0.005631000
0.000035000
0.002222000
0.004236000
0.000053000
0.000041000
0.000037000
0.004141000
0.000098000
0.001969000
0.002217000
0.000036000
0.002240000
0.000024000
0.006779000
0.000029000
0.001999000
0.004416000
0.000043000
0.000042000
0.004302000
0.000028000
0.002736000
0.000076000
0.002384000
0.002380000
0.000043000
0.004472000
0.000058000
0.000095000
0.000063000
0.000046000
0.008095000
0.004534000
0.012445000
0.012467000
0.003931000
0.000051000
0.001986000
0.000065000
0.000118000
0.001953000
0.000063000
0.000060000
0.000062000
0.002340000
0.002495000
0.004603000
0.002320000
0.006538000
0.002180000
0.004368000
0.000012000
0.000035000
0.006675000
0.008700000
0.000076000
0.002159000
0.000048000
0.004531000
0.000039000
0.000033000
0.000137000
0.009100000
0.004760000
0.007039000
0.000150000
0.000036000
0.000056000
0.007183000
0.011542000
0.000112000
0.004374000
0.000074000
0.000048000
0.006194000
0.000035000
0.000024000
0.000115000
0.000070000
0.004058000
0.002185000
0.000071000
0.000028000
0.000056000
0.001900000
0.004119000
0.000088000
0.000082000
0.001860000
0.000060000
0.003835000
0.007717000
0.001982000
0.000059000
0.001981000
0.001995000
0.000047000
0.004031000
0.001891000
0.000075000
0.000153000
0.000095000
0.000105000
0.002277000
0.000056000
0.000109000
0.006127000
0.004284000
0.006700000
0.004860000
0.008817000
0.000027000
0.003941000
0.000052000
0.002088000
0.002034000
0.000050000
0.001948000
0.004096000
0.002346000
0.002411000
0.000032000
0.004632000
0.000062000
0.002536000
0.004807000
0.002545000
0.002544000
0.000040000
0.000064000
0.000058000
0.002326000
0.000057000
0.000081000
0.000070000
0.002269000
0.000020000
0.000056000
0.002571000
0.004715000
0.000022000
0.006796000
0.004560000
0.002499000
0.002383000
0.000043000
0.000071000
0.008989000
0.000033000
0.004512000
0.000041000
0.008641000
0.000018000
0.002269000
0.002425000
0.002131000
0.000052000
0.000037000
0.000131000
0.000088000
0.002047000
0.004086000
0.002219000
0.002140000
0.002352000
0.000071000
0.002503000
0.002470000
0.006686000
0.004533000
0.000076000
0.013348000
0.002685000
0.002431000
0.000045000
0.002229000
0.000038000
0.000053000
0.005131000
0.002373000
0.008971000
0.000104000
0.004394000
0.000095000
0.000096000
0.000047000
0.011083000
0.000066000
0.000014000
0.000049000
0.006464000
0.000056000
0.000117000
0.000069000
0.004325000
0.000054000
0.002041000
0.000121000
0.000071000
0.000047000
0.000071000
0.000025000
0.000114000
0.000072000
0.010028000
0.000043000
0.002201000
0.000082000
0.002254000
0.000043000
0.002042000
0.000049000
0.004036000
0.000046000
0.002068000
0.002187000
0.000060000
0.010765000
0.002537000
0.005038000
0.000048000
0.000030000
0.000131000
0.005026000
0.000068000
0.009659000
0.005026000
0.009850000
0.002381000
0.004516000
0.002351000
0.002278000
0.000050000
0.010616000
0.006587000
0.001875000
0.000061000
0.000054000
0.000076000
0.000029000
0.000030000
0.000165000
0.000088000
0.007968000
0.000076000
0.000034000
0.002294000
0.002331000
0.006196000
0.000049000
0.001929000
0.001944000
0.000064000
0.006317000
0.004493000
0.010476000
0.000057000
0.004703000
0.002343000
0.000028000
0.006506000
0.002040000
0.000116000
0.000045000
0.000084000
0.000089000
0.002139000
0.001996000
0.004063000
0.001906000
0.000027000
0.000049000
0.006449000
0.002268000
0.000052000
0.000031000
0.000048000
0.000050000
0.000074000
0.000094000
0.003797000
0.002161000
0.003984000
0.000047000
0.001900000
0.000057000
0.003962000
0.000050000
0.001939000
0.002253000
0.000030000
0.002221000
0.000066000
0.000049000
0.006177000
0.000109000
0.000045000
0.000067000
0.002165000
0.000076000
0.000061000
0.000048000
0.002437000
0.006505000
0.000050000
0.006843000
0.010749000
0.002346000
0.004633000
0.000028000
0.002281000
0.006187000
0.002212000
0.001928000
0.000052000
0.000048000
0.000044000
0.000107000
0.000020000
0.000038000
0.000039000
0.002207000
0.004053000
0.000090000
0.000064000
0.000061000
0.000043000
0.000085000
0.000052000
0.002200000
0.000109000
0.004404000
0.000115000
0.000042000
0.000042000
0.000099000
0.002072000
0.000049000
0.000095000
0.010455000
0.001957000
0.000067000
0.000063000
0.002236000
0.000053000
0.002284000
0.002428000
0.002400000
0.002619000
0.000126000
0.002004000
0.025179000
0.002157000
0.017201000
0.002476000
0.000106000
0.001932000
0.000031000
0.001979000
0.000027000
0.002174000
0.000123000
0.000056000
0.002256000
0.002458000
0.000066000
0.000044000
0.000093000
0.000053000
0.000031000
0.002046000
0.004108000
0.001944000
0.000012000
0.002144000
0.001922000
0.004140000
0.002127000
0.002683000
0.004482000
0.000036000
0.002220000
0.008831000
0.004891000
0.002405000
0.002568000
0.000102000
0.002160000
0.004766000
0.002206000
0.000046000
0.008314000
0.000044000
0.004812000
0.006805000
0.002192000
0.000106000
0.000078000
0.000098000
0.004097000
0.000067000
0.000106000
0.000058000
0.001806000
0.004328000
0.006220000
0.000077000
0.002080000
0.004282000
0.000054000
0.002050000
0.002065000
0.002033000
0.004258000
0.002031000
0.000026000
0.010308000
0.002124000
0.000127000
0.000043000
0.002181000
0.002387000
0.000053000
0.002227000
0.006705000
0.000053000
0.004812000
0.004413000
0.007073000
0.000060000
0.000125000
0.004125000
0.000065000
0.000069000
0.000057000
0.000043000
0.000092000
0.003959000
0.000084000
0.005969000
0.000040000
0.002031000
0.000078000
0.002325000
0.000036000
0.003899000
0.000078000
0.000032000
0.000106000
0.000054000
0.000058000
0.001631000
0.000030000
0.003629000
0.000040000
0.001937000
0.003845000
0.002130000
0.000098000
0.008069000
0.000043000
0.004450000
0.000060000
0.006552000
0.002327000
0.004247000
0.000052000
0.002580000
0.000136000
0.011326000
0.006689000
0.000072000
0.002106000
0.003893000
0.005682000
0.000042000
0.000040000
0.000028000
0.002144000
0.002052000
0.000085000
0.000114000
0.004303000
0.006475000
0.002290000
0.000036000
0.000070000
0.004330000
0.002089000
0.000049000
0.008855000
0.004519000
0.011053000
0.002672000
0.002608000
0.002440000
0.000037000
0.000030000
0.000018000
0.004576000
0.000023000
0.000060000
0.001935000
0.000023000
0.001854000
0.001876000
0.004078000
0.000038000
0.002335000
0.000139000
0.002049000
0.010422000
0.002220000
0.000092000
0.004391000
0.000062000
0.002218000
0.003868000
0.000025000
0.004376000
0.002021000
0.000039000
0.000063000
0.002195000
0.000107000
0.000065000
0.000059000
0.000058000
0.000106000
0.001819000
0.001960000
0.003852000
0.002159000
0.002227000
0.002202000
0.002251000
0.006096000
0.000065000
0.000116000
0.001868000
0.001966000
0.002080000
0.003956000
0.002228000
0.000163000
0.004496000
0.006519000
0.002215000
0.000033000
0.005819000
0.006014000
0.004285000
0.002352000
0.006374000
0.002378000
0.003552000
0.000057000
0.000108000
0.001796000
0.000046000
0.000106000
0.000044000
0.000096000
0.000047000
0.009587000
0.000095000
0.002082000
0.001990000
0.007953000
0.006276000
0.001988000
0.000041000
0.002181000
0.000072000
0.003988000
0.000059000
0.002106000
0.000070000
0.005961000
0.000017000
0.004019000
0.007642000
0.002060000
0.006252000
0.001980000
0.002094000
0.001948000
0.000204000
0.004131000
0.004072000
0.002241000
0.002321000
0.000019000
0.000071000
0.004127000
0.002042000
0.001922000
0.000019000
0.004427000
0.000101000
0.000048000
0.002151000
0.000053000
0.001986000
0.001982000
0.002056000
0.000061000
0.008678000
0.004693000
0.002400000
0.000051000
0.002048000
0.000176000
0.003717000
0.001942000
0.000050000
0.002302000
0.004516000
0.001984000
0.002052000
0.008730000
0.000081000
0.002221000
0.002300000
0.002231000
0.000036000
0.013004000
0.004490000
0.000032000
0.002408000
0.002379000
0.002278000
0.004568000
0.008778000
0.000106000
0.003959000
0.000023000
0.006049000
0.000087000
0.000072000
0.002071000
0.000025000
0.000040000
0.000023000
0.000064000
0.005456000
0.001784000
0.002286000
0.002078000
0.002190000
0.000083000
0.002270000
0.004377000
0.000094000
0.004497000
0.002309000
0.010974000
0.000021000
0.000053000
0.002329000
0.000066000
0.015441000
0.000106000
0.003852000
0.008107000
0.004066000
0.004250000
0.001934000
0.002086000
0.000072000
0.004109000
0.006199000
0.000156000
0.002099000
0.002560000
0.002147000
0.000038000
0.004268000
0.004198000
0.002105000
0.004239000
0.001987000
0.000048000
0.000070000
0.000127000
0.002058000
0.002212000
0.000080000
0.000156000
0.000052000
0.000039000
0.000048000
0.004261000
0.002327000
0.000108000
0.001954000
0.002012000
0.004512000
0.000067000
0.002049000
0.003982000
0.000029000
0.000050000
0.002250000
0.000075000
0.000073000
0.000044000
0.006772000
0.002248000
0.002151000
0.000084000
0.002283000
0.004420000
0.000043000
0.002134000
0.000009000
0.000011000
0.000010000
0.000009000
0.000009000
0.000009000
0.000010000
0.000009000
0.000009000
0.000009000
0.000009000
0.000009000
0.000008000
0.000008000
0.000009000
0.000008000
0.000008000
0.000009000
0.000008000
0.000008000
0.000008000
0.000008000
0.000007000
0.000008000
0.000009000
0.000007000
0.000007000
0.000007000
0.000008000
0.000008000
0.000008000
0.000007000
0.000008000
0.000007000
0.000007000
0.000037000
0.000006000
0.000007000
0.000007000
0.000009000
