0.000046000
0.000051000
0.000397000
0.000032000
0.000053000
0.000032000
0.000366000
0.000044000
0.000442000
0.000088000
0.000510000
0.000503000
0.000049000
0.000037000
0.000039000
0.000639000
0.001946000
0.001086000
0.000039000
0.000623000
0.000520000
0.001559000
0.000083000
0.000033000
0.001697000
0.000641000
0.001248000
0.000051000
0.001236000
0.000030000
0.000058000
0.002292000
0.000632000
0.001218000
0.000645000
0.000591000
0.001293000
0.001780000
0.001765000
0.002282000
0.000038000
0.000037000
0.000042000
0.000065000
0.000045000
0.000881000
0.000032000
0.000050000
0.000049000
0.000465000
0.000414000
0.000496000
0.000039000
0.000453000
0.000405000
0.000030000
0.000045000
0.000050000
0.000087000
0.000049000
0.000075000
0.000478000
0.000026000
0.000452000
0.000056000
0.000061000
0.000046000
0.000040000
0.000905000
0.000082000
0.000524000
0.000072000
0.000060000
0.000613000
0.001132000
0.002756000
0.001782000
0.002220000
0.002695000
0.002641000
0.000034000
0.000036000
0.000036000
0.000460000
0.000040000
0.000451000
0.000083000
0.000050000
0.000041000
0.000482000
0.000040000
0.000081000
0.000063000
0.000057000
0.000503000
0.000497000
0.000037000
0.000512000
0.000041000
0.000493000
0.000518000
0.000503000
0.000076000
0.003062000
0.001574000
0.000535000
0.000582000
0.000046000
0.001041000
0.000972000
0.000033000
0.001030000
0.000027000
0.000493000
0.000506000
0.000057000
0.000464000
0.000057000
0.000922000
0.000918000
0.000038000
0.000060000
0.000509000
0.000042000
0.000467000
0.000045000
0.001462000
0.000039000
0.000040000
0.000500000
0.000583000
0.000642000
0.000036000
0.002088000
0.000511000
0.000054000
0.000051000
0.000582000
0.001149000
0.001834000
0.000634000
0.000668000
0.003447000
0.000040000
0.000042000
0.000061000
0.000055000
0.001628000
0.003485000
0.001694000
0.000120000
0.001655000
0.001654000
0.000054000
0.001055000
0.000059000
0.000994000
0.001009000
0.000404000
0.000037000
0.000434000
0.000086000
0.000735000
0.001220000
0.000045000
0.000857000
0.000079000
0.000523000
0.000553000
0.001303000
0.000042000
0.002958000
0.000455000
0.000492000
0.000494000
0.000449000
0.000395000
0.000061000
0.000462000
0.000854000
0.001401000
0.001369000
0.001014000
0.000999000
0.000077000
0.000557000
0.000556000
0.001003000
0.001946000
0.000460000
0.000486000
0.000041000
0.000025000
0.000043000
0.001468000
0.000504000
0.001451000
0.000051000
0.001058000
0.001409000
0.000357000
0.001126000
0.000049000
0.000029000
0.001147000
0.000050000
0.000042000
0.000463000
0.000057000
0.000651000
0.000440000
0.000050000
0.000437000
0.000504000
0.000508000
0.000045000
0.000429000
0.000746000
0.000076000
0.000040000
0.000087000
0.001114000
0.000055000
0.000037000
0.000445000
0.000462000
0.000060000
0.001077000
0.000015000
0.000038000
0.001446000
0.000050000
0.000037000
0.000412000
0.000430000
0.000039000
0.002003000
0.001533000
0.004165000
0.001878000
0.000614000
0.000371000
0.000028000
0.000357000
0.000050000
0.000049000
0.000039000
0.000039000
0.000043000
0.000730000
0.000048000
0.000672000
0.000421000
0.000352000
0.000453000
0.000054000
0.000037000
0.000793000
0.000036000
0.000412000
0.000848000
0.000457000
0.002592000
0.000440000
0.000047000
0.000041000
0.000902000
0.000037000
0.000516000
0.000485000
0.000495000
0.000513000
0.000033000
0.000748000
0.000307000
0.001164000
0.000051000
0.000045000
0.000322000
0.000042000
0.000010000
0.000009000
0.000009000
0.000010000
0.000009000
0.000009000
0.000008000
0.000006000
0.000006000
0.000009000
0.000025000
0.000006000
0.000007000
0.000008000
0.000006000
0.000027000


0.000006000
0.000007000
0.000006000
0.000005000
0.000005000
0.000007000
0.000006000
0.000007000
0.000041000
0.000051000
0.000017000
0.000004000
0.000005000
0.000005000
0.000004000
0.000005000
0.000005000
0.000005000
0.000007000
0.000006000
0.000005000
0.000005000
