0.000050000
0.000036000
0.000023000
0.000037000
0.000702000
0.000021000
0.000036000
0.000726000
0.000018000
0.000023000
0.000675000
0.000033000
0.000783000
0.000041000
0.000840000
0.000043000
0.000037000
0.001580000
0.000033000
0.000024000
0.000890000
0.000040000
0.000040000
0.001844000
0.001096000
0.002154000
0.002154000
0.001305000
0.001349000
0.002245000
0.005383000
0.005392000
0.000026000
0.000024000
0.000683000
0.000024000
0.000027000
0.000028000
0.000020000
0.000701000
0.000749000
0.000901000
0.000029000
0.000029000
0.000880000
0.000009000
0.000018000
0.000026000
0.000046000
0.000026000
0.000020000
0.000033000
0.000010000
0.001571000
0.002508000
0.000016000
0.000017000
0.000025000
0.000717000
0.002329000
0.002476000
0.002601000
0.002060000
0.005240000
0.000018000
0.000053000
0.000034000
0.000021000
0.000036000
0.000030000
0.002067000
0.001478000
0.001431000
0.000020000
0.000024000
0.000015000
0.000035000
0.002282000
0.000023000
0.000014000
0.000750000
0.001673000
0.000826000
0.000026000
0.000026000
0.000828000
0.001628000
0.000015000
0.000025000
0.000033000
0.000019000
0.001165000
0.004886000
0.000019000
0.001568000
0.002073000
0.000020000
0.000037000
0.000032000
0.000022000
0.000060000
0.002545000
0.000753000
0.000706000
0.000769000
0.000021000
0.000858000
0.000035000
0.000856000
0.001644000
0.000866000
0.000024000
0.000027000
0.000034000
0.001696000
0.001724000
0.002685000
0.000012000
0.002108000
0.002981000
0.003173000
0.001939000
0.000822000
0.000028000
0.004495000
0.000753000
0.003379000
0.000024000
0.000022000
0.000019000
0.000038000
0.001296000
0.000032000
0.000031000
0.000017000
0.000027000
0.000043000
0.001331000
0.001394000
0.000014000
0.000873000
0.000834000
0.000035000
0.000020000
0.000023000
0.000776000
0.001616000
0.000016000
0.000974000
0.000070000
0.000027000
0.000018000
0.000031000
0.000842000
0.000026000
0.001603000
0.000743000
0.000873000
0.002698000
0.002691000
0.000050000
0.001929000
0.000675000
0.000027000
0.000027000
0.000021000
0.001422000
0.000021000
0.000041000
0.000023000
0.000027000
0.000020000
0.000021000
0.001678000
0.002557000
0.001033000
0.001909000
0.000933000
0.000984000
0.000011000
0.000037000
0.003638000
0.001205000
0.000026000
0.001624000
0.000043000
0.000017000
0.000016000
0.000884000
0.000871000
0.002741000
0.000030000
0.000017000
0.000659000
0.000061000
0.000016000
0.003174000
0.000034000
0.000032000
0.002111000
0.000009000
0.000013000
0.000070000
0.002208000
0.003527000
0.000036000
0.001631000
0.000014000
0.001634000
0.000011000
0.001313000
0.002769000
0.000048000
0.001540000
0.000019000
0.002955000
0.000020000
0.000019000
0.003017000
0.001486000
0.002760000
0.002961000
0.000016000
0.000036000
0.000579000
0.000623000
0.001234000
0.000043000
0.000023000
0.000591000
0.000043000
0.000012000
0.002541000
0.000711000
0.000029000
0.000739000
0.000020000
0.000015000
0.000032000
0.001198000
0.000018000
0.001968000
0.002663000
0.001019000
0.001020000
0.000021000
0.000907000
0.003998000
0.001941000
0.000017000
0.001242000
0.002227000
0.002498000
0.000010000
0.003220000
0.000025000
0.000022000
0.000630000
0.001752000
0.000024000
0.000039000
0.001232000
0.000707000
0.000049000
0.000029000
0.001959000
0.000021000
0.000021000
0.000556000
0.001211000
0.000023000
0.000042000
0.001340000
0.000721000
0.001910000
0.000039000
0.000027000
0.000796000
0.000038000
0.000020000
0.002074000
0.000694000
0.001393000
0.005263000
0.002570000
0.000025000
0.000650000
0.003227000
0.000025000
0.000021000
0.000033000
0.000030000
0.000010000
0.000026000
0.000686000
0.000045000
0.000059000
0.000050000
0.000017000
0.000435000
0.000015000
0.000019000
0.000024000
0.002609000
0.001107000
0.000031000
0.000011000
0.000643000
0.003318000
0.002794000
0.000025000
0.001761000
0.000934000
0.000946000
0.002483000
0.000039000
0.002526000
0.000676000
0.000926000
0.001312000
0.000006000
0.000004000
0.000004000
0.000004000
0.000004000
0.000004000
0.000009000
0.000024000
0.000005000
0.000006000
0.000003000
0.000012000
0.000005000
0.000004000
0.000003000
0.000005000
0.000004000
0.000004000
0.000007000

0.000003000
0.000005000
0.000011000
0.000004000
0.000005000
0.000002000
0.000003000
0.000011000
0.000018000
0.000003000
0.000004000
0.000003000
