0.000061000
0.000151000
0.000027000
0.000017000
0.001693000
0.000040000
0.000102000
0.000063000
0.000049000
0.003490000
0.000043000
0.000112000
0.000039000
0.000044000
0.002051000
0.003713000
0.000122000
0.000041000
0.000031000
0.000064000
0.002295000
0.004347000
0.002401000
0.002576000
0.002600000
0.004610000
0.004719000
0.008152000
0.004721000
0.004684000
0.005076000
0.007036000
0.000087000
0.000036000
0.000072000
0.000037000
0.000042000
0.000128000
0.000074000
0.000045000
0.002008000
0.001889000
0.005606000
0.003946000
0.000038000
0.002292000
0.002384000
0.000024000
0.000038000
0.002466000
0.002364000
0.002390000
0.000066000
0.000026000
0.000075000
0.000084000
0.004872000
0.002565000
0.004814000
0.006667000
0.004693000
0.009333000
0.010972000
0.017097000
0.000054000
0.000108000
0.001729000
0.000034000
0.000033000
0.000025000
0.001664000
0.001828000
0.000033000
0.000090000
0.000021000
0.000040000
0.000041000
0.000059000
0.001933000
0.005462000
0.001813000
0.000022000
0.000085000
0.006093000
0.002433000
0.002623000
0.000034000
0.004509000
0.004696000
0.002435000
0.005095000
0.005063000
0.000058000
0.014975000
0.000062000
0.000050000
0.000071000
0.000087000
0.000065000
0.000060000
0.000016000
0.001973000
0.000038000
0.000059000
0.002284000
0.002217000
0.004077000
0.000043000
0.006055000
0.000042000
0.000093000
0.002310000
0.002317000
0.000031000
0.000094000
0.002261000
0.006321000
0.006308000
0.002232000
0.004482000
0.008609000
0.000053000
0.006541000
0.006282000
0.006338000
0.000108000
0.002302000
0.007989000
0.000054000
0.001976000
0.002000000
0.000045000
0.002036000
0.000035000
0.000063000
0.000044000
0.005885000
0.000053000
0.000058000
0.001979000
0.000110000
0.000045000
0.003581000
0.000034000
0.000010000
0.000029000
0.003754000
0.001876000
0.004005000
0.004081000
0.002475000
0.006518000
0.000072000
0.002252000
0.006911000
0.004313000
0.001876000
0.000098000
0.006250000
0.000074000
0.001774000
0.000024000
0.000042000
0.003483000
0.000060000
0.000144000
0.000066000
0.001963000
0.000039000
0.000087000
0.000038000
0.000056000
0.001794000
0.001925000
0.001783000
0.000092000
0.006241000
0.004075000
0.004075000
0.000043000
0.004373000
0.004402000
0.000194000
0.000025000
0.006863000
0.000034000
0.007326000
0.002541000
0.000137000
0.007225000
0.009020000
0.001731000
0.000052000
0.000052000
0.000071000
0.001853000
0.001831000
0.000050000
0.000057000
0.000116000
0.002073000
0.000057000
0.000040000
0.000098000
0.002126000
0.002284000
0.002186000
0.000036000
0.002317000
0.000087000
0.000017000
0.000077000
0.002088000
0.002191000
0.000071000
0.000134000
0.001591000
0.001626000
0.000044000
0.000037000
0.000032000
0.000090000
0.000092000
0.004030000
0.000090000
0.000044000
0.000024000
0.000071000
0.002001000
0.001911000
0.000067000
0.000042000
0.001701000
0.001805000
0.001830000
0.000033000
0.000054000
0.001922000
0.002061000
0.000039000
0.002109000
0.002146000
0.007744000
0.004181000
0.002184000
0.000123000
0.001994000
0.004096000
0.000059000
0.000062000
0.002150000
0.001789000
0.000053000
0.002325000
0.006056000
0.002061000
0.000047000
0.000057000
0.000063000
0.000214000
0.000025000
0.000118000
0.001822000
0.001868000
0.000032000
0.000058000
0.000064000
0.004388000
0.000033000
0.001952000
0.000034000
0.003871000
0.001937000
0.003725000
0.001944000
0.002284000
0.004191000
0.008229000
0.002330000
0.002364000
0.000034000
0.000037000
0.005139000
0.002778000
0.007555000
0.000040000
0.010425000
0.002061000
0.002065000
0.000037000
0.002088000
0.000085000
0.000051000
0.000020000
0.000044000
0.004113000
0.000068000
0.004365000
0.004390000
0.002184000
0.000136000
0.000033000
0.000035000
0.002020000
0.008269000
0.000053000
0.008255000
0.002043000
0.000067000
0.002495000
0.002481000
0.004472000
0.000039000
0.000040000
0.002276000
0.004535000
0.000110000
0.008503000
0.010710000
0.007974000
0.000040000
0.002195000
0.002070000
0.001766000
0.000085000
0.000129000
0.000062000
0.007922000
0.007862000
0.005733000
0.000037000
0.000084000
0.000056000
0.003944000
0.005629000
0.002218000
0.000063000
0.000050000
0.004016000
0.000047000
0.003861000
0.000090000
0.000051000
0.000098000
0.006206000
0.001955000
0.004099000
0.001983000
0.003757000
0.000045000
0.002098000
0.006070000
0.000116000
0.000034000
0.000045000
0.001798000
0.001797000
0.005966000
0.002069000
0.002186000
0.000110000
0.002032000
0.000165000
0.005873000
0.001918000
0.000050000
0.000076000
0.005661000
0.000040000
0.001915000
0.005906000
0.000029000
0.000057000
0.000039000
0.006016000
0.002249000
0.002308000
0.004338000
0.001853000
0.004270000
0.001983000
0.006408000
0.000036000
0.004402000
0.000061000
0.000040000
0.005497000
0.000055000
0.000063000
0.002194000
0.000049000
0.003859000
0.000144000
0.002186000
0.000077000
0.000054000
0.008176000
0.000031000
0.000052000
0.003891000
0.000041000
0.000051000
0.000124000
0.000050000
0.002430000
0.002474000
0.002190000
0.002016000
0.000049000
0.002066000
0.002293000
0.000028000
0.000155000
0.000107000
0.001808000
0.002166000
0.000131000
0.004087000
0.000023000
0.000046000
0.004644000
0.000070000
0.000096000
0.000130000
0.000038000
0.000041000
0.000117000
0.000044000
0.002078000
0.002243000
0.000040000
0.000021000
0.002096000
0.002157000
0.004527000
0.000068000
0.002583000
0.000081000
0.000150000
0.000050000
0.000042000
0.002221000
0.004249000
0.006830000
0.002155000
0.001779000
0.000092000
0.004195000
0.002010000
0.000093000
0.000025000
0.000124000
0.009734000
0.002010000
0.000049000
0.001965000
0.001972000
0.000047000
0.002032000
0.009714000
0.000075000
0.002384000
0.008282000
0.000094000
0.002126000
0.000042000
0.002144000
0.002216000
0.014176000
0.000158000
0.004142000
0.000075000
0.007873000
0.010375000
0.000079000
0.002078000
0.000045000
0.004336000
0.000153000
0.001928000
0.000061000
0.000040000
0.000156000
0.008493000
0.000069000
0.003991000
0.000034000
0.003830000
0.000063000
0.001930000
0.002060000
0.004073000
0.001957000
0.001743000
0.000020000
0.000040000
0.000150000
0.002314000
0.000049000
0.002298000
0.002549000
0.002402000
0.000032000
0.002293000
0.000073000
0.000036000
0.010565000
0.000057000
0.000065000
0.004073000
0.000035000
0.000055000
0.000060000
0.002018000
0.003872000
0.000067000
0.000081000
0.003970000
0.000104000
0.001976000
0.005693000
0.000032000
0.000035000
0.000120000
0.001825000
0.000059000
0.001876000
0.000055000
0.000054000
0.000052000
0.003892000
0.000058000
0.000079000
0.006234000
0.002374000
0.004564000
0.000111000
0.006901000
0.004316000
0.002135000
0.015498000
0.007843000
0.002324000
0.000039000
0.000036000
0.000055000
0.000099000
0.000047000
0.003869000
0.001984000
0.000051000
0.001994000
0.001858000
0.000020000
0.003926000
0.002201000
0.000049000
0.000036000
0.005862000
0.003967000
0.000051000
0.000022000
0.000036000
0.000085000
0.002067000
0.000042000
0.006321000
0.000040000
0.000034000
0.000130000
0.002114000
0.002558000
0.000065000
0.001829000
0.002125000
0.002232000
0.000074000
0.000081000
0.002142000
0.000022000
0.000069000
0.000034000
0.001942000
0.000067000
0.000072000
0.002078000
0.000056000
0.006173000
0.002397000
0.000038000
0.000024000
0.002590000
0.005090000
0.005303000
0.000046000
0.002677000
0.009475000
0.000144000
0.007248000
0.000031000
0.001924000
0.001978000
0.000067000
0.000083000
0.024503000
0.002566000
0.000046000
0.004110000
0.000087000
0.008979000
0.000038000
0.002017000
0.000062000
0.000049000
0.000121000
0.001952000
0.000048000
0.000087000
0.004100000
0.002094000
0.000037000
0.000031000
0.005995000
0.002139000
0.000070000
0.000114000
0.000057000
0.000073000
0.000066000
0.000029000
0.002076000
0.000066000
0.002036000
0.003978000
0.002172000
0.002144000
0.016216000
0.000063000
0.000103000
0.002071000
0.001867000
0.003966000
0.000099000
0.000125000
0.000036000
0.000074000
0.005728000
0.000018000
0.000065000
0.000079000
0.000031000
0.006157000
0.000017000
0.000038000
0.002034000
0.000067000
0.002312000
0.002396000
0.004328000
0.006659000
0.014587000
0.000043000
0.004119000
0.000050000
0.000066000
0.000052000
0.001789000
0.001831000
0.000088000
0.003896000
0.000062000
0.005704000
0.000039000
0.004192000
0.006435000
0.000044000
0.000028000
0.000082000
0.003729000
0.002096000
0.000034000
0.000111000
0.002037000
0.001648000
0.002084000
0.003798000
0.000035000
0.006036000
0.005973000
0.000060000
0.000079000
0.000132000
0.004122000
0.006207000
0.000036000
0.004274000
0.002504000
0.008732000
0.000059000
0.000025000
0.000017000
0.006954000
0.000048000
0.004248000
0.000044000
0.004251000
0.000065000
0.000045000
0.000111000
0.006167000
0.012282000
0.000039000
0.000057000
0.002171000
0.001857000
0.000071000
0.000034000
0.000170000
0.001913000
0.000019000
0.000051000
0.003717000
0.001740000
0.000070000
0.000036000
0.000140000
0.001664000
0.001701000
0.000067000
0.000125000
0.001838000
0.000044000
0.002083000
0.002019000
0.002079000
0.000095000
0.000023000
0.004187000
0.000039000
0.000062000
0.000112000
0.000035000
0.000029000
0.000024000
0.001872000
0.000032000
0.000095000
0.004014000
0.000048000
0.001986000
0.000110000
0.001796000
0.000022000
0.000052000
0.000031000
0.002279000
0.004214000
0.004375000
0.000081000
0.001917000
0.000043000
0.002130000
0.001896000
0.000049000
0.002228000
0.001802000
0.004257000
0.002046000
0.000043000
0.000008000
0.000009000
0.000008000
0.000009000
0.000009000
0.000008000
0.000006000
0.000008000
0.000009000
0.000008000
0.000008000
0.000008000
0.000008000
0.000008000
0.000008000
0.000006000
0.000010000
0.000007000
0.000007000
0.000007000
0.000008000
0.000007000
0.000008000
0.000008000
0.000007000
0.000006000
0.000006000
0.000005000
0.000007000
0.000007000
0.000006000
