0.000047000
0.000059000
0.000020000
0.000012000
0.001679000
0.000019000
0.000083000
0.000025000
0.000029000
0.003434000
0.000017000
0.000033000
0.000020000
0.000030000
0.001999000
0.003690000
0.000023000
0.000015000
0.000023000
0.000040000
0.002285000
0.004337000
0.002394000
0.002560000
0.002584000
0.004605000
0.004699000
0.008132000
0.004699000
0.004647000
0.005048000
0.007017000
0.000070000
0.000021000
0.000021000
0.000021000
0.000027000
0.000016000
0.000061000
0.000020000
0.001985000
0.001880000
0.005599000
0.003859000
0.000013000
0.002287000
0.002372000
0.000015000
0.000023000
0.002441000
0.002348000
0.002379000
0.000052000
0.000012000
0.000029000
0.000024000
0.004829000
0.002554000
0.004792000
0.006655000
0.004662000
0.009177000
0.010874000
0.017082000
0.000039000
0.000021000
0.001720000
0.000021000
0.000014000
0.000016000
0.001642000
0.001792000
0.000014000
0.000022000
0.000012000
0.000027000
0.000026000
0.000021000
0.001863000
0.005446000
0.001797000
0.000013000
0.000021000
0.006021000
0.002424000
0.002516000
0.000019000
0.004427000
0.004688000
0.002430000
0.005080000
0.005055000
0.000039000
0.014858000
0.000019000
0.000026000
0.000026000
0.000015000
0.000049000
0.000047000
0.000006000
0.001958000
0.000025000
0.000037000
0.002197000
0.002206000
0.004056000
0.000028000
0.006041000
0.000028000
0.000089000
0.002297000
0.002306000
0.000016000
0.000020000
0.002239000
0.006310000
0.006295000
0.002206000
0.004435000
0.008604000
0.000033000
0.006460000
0.006253000
0.006298000
0.000023000
0.002288000
0.007969000
0.000044000
0.001967000
0.001950000
0.000022000
0.002030000
0.000023000
0.000041000
0.000028000
0.005872000
0.000034000
0.000037000
0.001950000
0.000015000
0.000023000
0.003566000
0.000025000
0.000007000
0.000014000
0.003726000
0.001872000
0.003955000
0.004062000
0.002435000
0.006511000
0.000037000
0.002220000
0.006890000
0.004303000
0.001831000
0.000031000
0.006217000
0.000021000
0.001770000
0.000013000
0.000024000
0.003461000
0.000040000
0.000027000
0.000044000
0.001914000
0.000020000
0.000026000
0.000026000
0.000036000
0.001786000
0.001883000
0.001770000
0.000017000
0.006210000
0.004053000
0.004067000
0.000026000
0.004363000
0.004378000
0.000020000
0.000012000
0.006844000
0.000021000
0.007303000
0.002511000
0.000060000
0.007175000
0.008998000
0.001662000
0.000019000
0.000027000
0.000048000
0.001841000
0.001783000
0.000015000
0.000031000
0.000018000
0.002051000
0.000049000
0.000032000
0.000052000
0.002118000
0.002273000
0.002088000
0.000027000
0.002298000
0.000020000
0.000006000
0.000063000
0.002058000
0.002179000
0.000018000
0.000027000
0.001557000
0.001617000
0.000036000
0.000026000
0.000024000
0.000019000
0.000071000
0.004019000
0.000064000
0.000029000
0.000006000
0.000058000
0.001994000
0.001899000
0.000026000
0.000024000
0.001690000
0.001788000
0.001806000
0.000022000
0.000033000
0.001899000
0.002016000
0.000025000
0.002080000
0.002108000
0.007731000
0.004165000
0.002153000
0.000039000
0.001934000
0.004076000
0.000029000
0.000033000
0.002106000
0.001776000
0.000048000
0.002297000
0.005923000
0.002022000
0.000031000
0.000043000
0.000042000
0.000055000
0.000007000
0.000012000
0.001817000
0.001861000
0.000013000
0.000022000
0.000020000
0.004367000
0.000016000
0.001909000
0.000024000
0.003861000
0.001904000
0.003710000
0.001924000
0.002263000
0.004166000
0.008209000
0.002256000
0.002354000
0.000021000
0.000017000
0.005120000
0.002771000
0.007540000
0.000029000
0.010389000
0.001976000
0.002005000
0.000025000
0.001976000
0.000039000
0.000020000
0.000013000
0.000031000
0.004019000
0.000025000
0.004345000
0.004375000
0.002174000
0.000045000
0.000017000
0.000019000
0.002013000
0.008256000
0.000039000
0.008185000
0.002023000
0.000015000
0.002465000
0.002467000
0.004456000
0.000026000
0.000030000
0.002261000
0.004517000
0.000023000
0.008451000
0.010635000
0.007955000
0.000015000
0.002166000
0.002043000
0.001717000
0.000033000
0.000015000
0.000043000
0.007893000
0.007842000
0.005679000
0.000024000
0.000027000
0.000041000
0.003924000
0.005569000
0.002186000
0.000045000
0.000034000
0.003922000
0.000020000
0.003815000
0.000042000
0.000031000
0.000022000
0.006185000
0.001914000
0.004069000
0.001937000
0.003712000
0.000029000
0.002081000
0.006060000
0.000087000
0.000021000
0.000028000
0.001790000
0.001788000
0.005869000
0.002058000
0.002174000
0.000057000
0.002002000
0.000017000
0.005853000
0.001908000
0.000020000
0.000012000
0.005644000
0.000009000
0.001859000
0.005894000
0.000014000
0.000027000
0.000028000
0.005976000
0.002222000
0.002288000
0.004321000
0.001742000
0.004211000
0.001968000
0.006394000
0.000022000
0.004374000
0.000047000
0.000026000
0.005453000
0.000032000
0.000048000
0.002112000
0.000019000
0.003777000
0.000030000
0.002149000
0.000064000
0.000040000
0.008147000
0.000026000
0.000019000
0.003792000
0.000021000
0.000027000
0.000024000
0.000029000
0.002344000
0.002452000
0.002177000
0.001929000
0.000032000
0.002052000
0.002274000
0.000012000
0.000055000
0.000061000
0.001769000
0.002077000
0.000023000
0.004071000
0.000007000
0.000026000
0.004628000
0.000013000
0.000023000
0.000032000
0.000018000
0.000018000
0.000064000
0.000030000
0.002070000
0.002153000
0.000027000
0.000012000
0.002053000
0.002142000
0.004482000
0.000057000
0.002564000
0.000026000
0.000024000
0.000025000
0.000034000
0.002197000
0.004231000
0.006805000
0.002061000
0.001753000
0.000034000
0.004128000
0.001995000
0.000037000
0.000014000
0.000016000
0.009714000
0.001994000
0.000036000
0.001939000
0.001951000
0.000017000
0.002000000
0.009699000
0.000046000
0.002353000
0.008237000
0.000018000
0.002115000
0.000023000
0.002120000
0.002177000
0.014162000
0.000069000
0.004127000
0.000031000
0.007854000
0.010352000
0.000068000
0.002061000
0.000028000
0.004324000
0.000072000
0.001919000
0.000031000
0.000025000
0.000012000
0.008422000
0.000052000
0.003978000
0.000018000
0.003813000
0.000050000
0.001920000
0.002026000
0.003956000
0.001904000
0.001734000
0.000015000
0.000024000
0.000020000
0.002214000
0.000017000
0.002284000
0.002530000
0.002379000
0.000025000
0.002268000
0.000029000
0.000022000
0.010540000
0.000037000
0.000048000
0.004030000
0.000028000
0.000038000
0.000024000
0.002001000
0.003779000
0.000030000
0.000021000
0.003953000
0.000018000
0.001959000
0.005671000
0.000024000
0.000019000
0.000021000
0.001819000
0.000010000
0.001855000
0.000018000
0.000033000
0.000034000
0.003887000
0.000035000
0.000040000
0.006157000
0.002303000
0.004543000
0.000019000
0.006882000
0.004296000
0.002110000
0.015423000
0.007809000
0.002275000
0.000015000
0.000028000
0.000034000
0.000036000
0.000031000
0.003858000
0.001976000
0.000028000
0.001967000
0.001823000
0.000007000
0.003885000
0.002129000
0.000034000
0.000022000
0.005823000
0.003950000
0.000031000
0.000012000
0.000024000
0.000028000
0.002007000
0.000028000
0.006250000
0.000024000
0.000013000
0.000012000
0.002099000
0.002517000
0.000039000
0.001814000
0.002007000
0.002189000
0.000067000
0.000057000
0.002097000
0.000006000
0.000040000
0.000023000
0.001909000
0.000055000
0.000018000
0.002063000
0.000013000
0.006152000
0.002362000
0.000008000
0.000011000
0.002573000
0.005046000
0.005292000
0.000021000
0.002631000
0.009429000
0.000024000
0.007229000
0.000019000
0.001871000
0.001968000
0.000015000
0.000069000
0.024480000
0.002547000
0.000030000
0.004099000
0.000070000
0.008949000
0.000025000
0.001989000
0.000034000
0.000031000
0.000025000
0.001938000
0.000023000
0.000023000
0.004020000
0.002049000
0.000015000
0.000018000
0.005969000
0.002048000
0.000028000
0.000030000
0.000032000
0.000025000
0.000019000
0.000013000
0.002027000
0.000062000
0.002025000
0.003912000
0.002149000
0.002026000
0.016196000
0.000019000
0.000018000
0.002021000
0.001856000
0.003949000
0.000017000
0.000058000
0.000016000
0.000019000
0.005699000
0.000011000
0.000049000
0.000069000
0.000017000
0.006145000
0.000012000
0.000019000
0.002000000
0.000013000
0.002227000
0.002363000
0.004319000
0.006643000
0.014480000
0.000039000
0.004108000
0.000019000
0.000061000
0.000029000
0.001734000
0.001789000
0.000037000
0.003888000
0.000038000
0.005697000
0.000020000
0.004140000
0.006418000
0.000022000
0.000016000
0.000066000
0.003670000
0.002079000
0.000024000
0.000041000
0.002028000
0.001608000
0.002077000
0.003784000
0.000021000
0.006023000
0.005959000
0.000014000
0.000069000
0.000024000
0.004113000
0.006189000
0.000027000
0.004242000
0.002483000
0.008724000
0.000015000
0.000022000
0.000006000
0.006938000
0.000038000
0.004235000
0.000035000
0.004207000
0.000038000
0.000031000
0.000066000
0.006150000
0.012274000
0.000027000
0.000025000
0.002121000
0.001833000
0.000019000
0.000014000
0.000127000
0.001893000
0.000011000
0.000024000
0.003707000
0.001729000
0.000032000
0.000022000
0.000023000
0.001652000
0.001669000
0.000030000
0.000049000
0.001822000
0.000031000
0.002060000
0.001927000
0.002071000
0.000017000
0.000015000
0.003993000
0.000026000
0.000053000
0.000016000
0.000015000
0.000014000
0.000020000
0.001838000
0.000019000
0.000035000
0.003971000
0.000018000
0.001966000
0.000018000
0.001787000
0.000018000
0.000030000
0.000019000
0.002259000
0.004189000
0.004369000
0.000018000
0.001834000
0.000023000
0.002111000
0.001886000
0.000031000
0.002203000
0.001756000
0.004241000
0.002026000
0.000006000
0.000004000
0.000005000
0.000004000
0.000005000
0.000005000
0.000005000
0.000003000
0.000005000
0.000005000
0.000005000
0.000004000
0.000004000
0.000005000
0.000005000
0.000004000
0.000004000
0.000007000
0.000004000
0.000003000
0.000004000
0.000005000
0.000004000
0.000005000
0.000005000
0.000004000
0.000003000
0.000003000
0.000003000
0.000004000
0.000004000
0.000003000
