0.000045000
0.000422000
0.000390000
0.000043000
0.000037000
0.000080000
0.000044000
0.000943000
0.000038000
0.000089000
0.001124000
0.000701000
0.002062000
0.000050000
0.002367000
0.001088000
0.000035000
0.000058000
0.000529000
0.000042000
0.000114000
0.000525000
0.000640000
0.000664000
0.000046000
0.002570000
0.000660000
0.000664000
0.000609000
0.001628000
0.001082000
0.001560000
0.000048000
0.000041000
0.000043000
0.000051000
0.000043000
0.000778000
0.000034000
0.000911000
0.000113000
0.000605000
0.000056000
0.000045000
0.000672000
0.000618000
0.000030000
0.001102000
0.000642000
0.000572000
0.000041000
0.001627000
0.000606000
0.000630000
0.000048000
0.000604000
0.000586000
0.000076000
0.000041000
0.001071000
0.000041000
0.001047000
0.001005000
0.003280000
0.000076000
0.000839000
0.000045000
0.000570000
0.002257000
0.001523000
0.000032000
0.000054000
0.000043000
0.000171000
0.000064000
0.000063000
0.000037000
0.000659000
0.000669000
0.001282000
0.000052000
0.001853000
0.000691000
0.001915000
0.001731000
0.000626000
0.002751000
0.000643000
0.000025000
0.000063000
0.000043000
0.000535000
0.000063000
0.002138000
0.000952000
0.000938000
0.000054000
0.000044000
0.000093000
0.000413000
0.000039000
0.000033000
0.001075000
0.000554000
0.001081000
0.000037000
0.000545000
0.000517000
0.000484000
0.000056000
0.000091000
0.001018000
0.000581000
0.000046000
0.000623000
0.000645000
0.001213000
0.000035000
0.000700000
0.000673000
0.003088000
0.001767000
0.000073000
0.000040000
0.001097000
0.000992000
0.003100000
0.000484000
0.000814000
0.000082000
0.000038000
0.000033000
0.000443000
0.000961000
0.000046000
0.000492000
0.000580000
0.000045000
0.000599000
0.000986000
0.000048000
0.001902000
0.000113000
0.001399000
0.000542000
0.000580000
0.000042000
0.000589000
0.000068000
0.000671000
0.001310000
0.001273000
0.000623000
0.000036000
0.000041000
0.001159000
0.000698000
0.000658000
0.000437000
0.003214000
0.000344000
0.000041000
0.000267000
0.000301000
0.000058000
0.000040000
0.000316000
0.000359000
0.000074000
0.000575000
0.000373000
0.000299000
0.000696000
0.000044000
0.000367000
0.000060000
0.000463000
0.000702000
0.000427000
0.000380000
0.000046000
0.000032000
0.000029000
0.001127000
0.000042000
0.000031000
0.000313000
0.000054000
0.000364000
0.000279000
0.000821000
0.000274000
0.000009000
0.000008000
0.000008000
0.000006000
0.000005000
0.000005000
0.000005000
0.000008000
0.000017000
0.000008000
0.000006000
0.000008000
0.000006000
0.000008000
0.000005000
0.000015000

0.000007000
0.000010000
0.000007000
0.000009000
0.000005000
0.000006000
0.000007000
0.000008000
0.000039000

0.000005000
0.000007000
0.000005000
0.000007000
0.000007000
