0.000002000
0.000003000
0.000004000
0.000002000
0.000043000
0.000053000
0.000006000
0.000003000
0.000017000
0.000030000
0.000006000
0.000016000
0.000088000
0.000159000
0.000042000
0.000073000
0.000007000
0.000178000
0.000020000
0.000051000
0.000572000
0.000496000
0.000006000
0.000052000
0.000021000
0.000036000
0.000273000
0.000015000
0.000015000
0.000376000
0.000024000
0.000584000
0.000344000
0.000015000
0.000743000
0.000472000
0.000002000
0.000419000
0.000393000
0.000005000
0.000435000
0.001726000
0.000015000
0.000620000
0.000616000
0.000024000
0.000018000
0.000694000
0.000672000
0.000466000
0.000015000
0.000541000
0.000480000
0.000021000
0.000586000
0.000003000
0.000647000
0.000018000
0.000714000
0.000028000
0.000024000
0.000031000
0.000612000
0.001081000
0.000052000
0.001158000
0.000006000
0.000801000
0.000839000
0.000015000
0.000856000
0.000011000
0.000037000
0.000801000
0.001985000
0.001360000

0.000097000



0.001758000

0.001147000
0.001156000
0.001202000
0.001211000

0.001239000

0.003246000
0.001097000
0.001925000
0.001115000
0.001109000

0.001081000
0.002409000
0.001766000

0.002408000
