0.000106000
0.000053000
0.000034000
0.000055000
0.000724000
0.000035000
0.000052000
0.000741000
0.000043000
0.000036000
0.000752000
0.000063000
0.000802000
0.000092000
0.000858000
0.000054000
0.000047000
0.001645000
0.000042000
0.000042000
0.000897000
0.000054000
0.000064000
0.001903000
0.001106000
0.002182000
0.002213000
0.001319000
0.001353000
0.002289000
0.005411000
0.005403000
0.000039000
0.000042000
0.000694000
0.000037000
0.000044000
0.000040000
0.000028000
0.000709000
0.000772000
0.000920000
0.000076000
0.000053000
0.000888000
0.000020000
0.000030000
0.000034000
0.000054000
0.000037000
0.000029000
0.000056000
0.000018000
0.001585000
0.002515000
0.000079000
0.000050000
0.000032000
0.000730000
0.002338000
0.002496000
0.002610000
0.002074000
0.005281000
0.000035000
0.000067000
0.000047000
0.000037000
0.000052000
0.000046000
0.002120000
0.001488000
0.001441000
0.000037000
0.000052000
0.000033000
0.000056000
0.002293000
0.000077000
0.000022000
0.000785000
0.001695000
0.000842000
0.000039000
0.000100000
0.000859000
0.001639000
0.000029000
0.000047000
0.000125000
0.000032000
0.001193000
0.004901000
0.000139000
0.001575000
0.002111000
0.000031000
0.000051000
0.000050000
0.000079000
0.000074000
0.002558000
0.000764000
0.000746000
0.000783000
0.000065000
0.000871000
0.000055000
0.000937000
0.001651000
0.000880000
0.000028000
0.000088000
0.000049000
0.001702000
0.001737000
0.002694000
0.000027000
0.002116000
0.003004000
0.003191000
0.001950000
0.000832000
0.000054000
0.004529000
0.000765000
0.003433000
0.000052000
0.000041000
0.000035000
0.000048000
0.001307000
0.000050000
0.000049000
0.000077000
0.000058000
0.000068000
0.001343000
0.001402000
0.000053000
0.000891000
0.000849000
0.000053000
0.000101000
0.000052000
0.000785000
0.001628000
0.000024000
0.001059000
0.000086000
0.000179000
0.000035000
0.000044000
0.000850000
0.000050000
0.001606000
0.000751000
0.000886000
0.002729000
0.002739000
0.000062000
0.001935000
0.000679000
0.000040000
0.000044000
0.000039000
0.001434000
0.000040000
0.000060000
0.000049000
0.000049000
0.000026000
0.000033000
0.001710000
0.002596000
0.001048000
0.001946000
0.000959000
0.001022000
0.000024000
0.000046000
0.003660000
0.001211000
0.000107000
0.001635000
0.000061000
0.000135000
0.000029000
0.000893000
0.000910000
0.002822000
0.000117000
0.000026000
0.000677000
0.000092000
0.000020000
0.003208000
0.000056000
0.000045000
0.002148000
0.000019000
0.000023000
0.000085000
0.002228000
0.003547000
0.000049000
0.001646000
0.000020000
0.001649000
0.000019000
0.001399000
0.002785000
0.000056000
0.001552000
0.000036000
0.002973000
0.000048000
0.000059000
0.003035000
0.001509000
0.002769000
0.003004000
0.000061000
0.000050000
0.000588000
0.000657000
0.001252000
0.000064000
0.000037000
0.000627000
0.000056000
0.000025000
0.002593000
0.000737000
0.000064000
0.000752000
0.000032000
0.000050000
0.000039000
0.001229000
0.000029000
0.001977000
0.002787000
0.001043000
0.001039000
0.000042000
0.000914000
0.004043000
0.001980000
0.000025000
0.001272000
0.002242000
0.002548000
0.000051000
0.003286000
0.000056000
0.000039000
0.000636000
0.001786000
0.000042000
0.000053000
0.001249000
0.000722000
0.000066000
0.000042000
0.001973000
0.000037000
0.000035000
0.000559000
0.001227000
0.000035000
0.000060000
0.001351000
0.000737000
0.001919000
0.000053000
0.000038000
0.000799000
0.000093000
0.000048000
0.002085000
0.000739000
0.001418000
0.005334000
0.002637000
0.000044000
0.000662000
0.003278000
0.000040000
0.000032000
0.000058000
0.000045000
0.000086000
0.000051000
0.000705000
0.000056000
0.000074000
0.000071000
0.000050000
0.000443000
0.000082000
0.000043000
0.000053000
0.002626000
0.001179000
0.000048000
0.000028000
0.000649000
0.003329000
0.002835000
0.000045000
0.001877000
0.000956000
0.000962000
0.002528000
0.000054000
0.002556000
0.000712000
0.000954000
0.001346000
0.000009000
0.000008000
0.000008000
0.000008000
0.000007000
0.000007000
0.000017000
0.000046000
0.000008000
0.000009000
0.000006000
0.000014000
0.000008000
0.000008000
0.000005000
0.000008000
0.000007000
0.000007000
0.000051000

0.000005000
0.000009000
0.000018000
0.000008000
0.000008000
0.000007000
0.000006000
0.000022000
0.000039000
0.000007000
0.000007000
0.000006000
