0.000009000
0.000040000
0.000007000
0.000058000
0.000050000
0.000067000
0.000036000
0.000014000
0.000031000
0.000096000
0.000008000
0.000018000
0.000098000
0.000176000
0.000052000
0.000175000
0.000009000
0.000189000
0.000418000
0.000058000
0.000585000
0.000559000
0.000008000
0.000100000
0.000032000
0.000045000
0.000343000
0.000092000
0.000094000
0.000386000
0.000031000
0.000629000
0.000370000
0.000176000
0.000749000
0.000475000
0.000009000
0.000455000
0.000396000
0.000012000
0.000444000
0.001770000
0.000096000
0.000626000
0.000620000
0.000074000
0.000030000
0.000708000
0.000682000
0.000492000
0.000090000
0.000547000
0.000547000
0.000037000
0.000597000
0.000010000
0.000654000
0.000029000
0.000724000
0.000107000
0.000043000
0.000048000
0.000625000
0.001149000
0.000062000
0.001344000
0.000056000
0.000833000
0.000852000
0.000017000
0.000863000
0.000020000
0.000061000
0.000824000
0.002012000
0.001373000

0.000173000



0.001761000

0.001151000
0.001181000
0.001206000
0.001215000

0.001254000

0.003249000
0.001102000
0.001928000
0.001139000
0.001112000

0.001084000
0.002412000
0.001776000

0.002434000
