0.000024000
0.000403000
0.000384000
0.000024000
0.000027000
0.000046000
0.000029000
0.000928000
0.000027000
0.000046000
0.001111000
0.000683000
0.002042000
0.000048000
0.002329000
0.001079000
0.000023000
0.000050000
0.000517000
0.000028000
0.000065000
0.000513000
0.000613000
0.000649000
0.000014000
0.002558000
0.000639000
0.000636000
0.000599000
0.001588000
0.001071000
0.001516000
0.000026000
0.000027000
0.000030000
0.000022000
0.000033000
0.000768000
0.000021000
0.000855000
0.000017000
0.000594000
0.000041000
0.000035000
0.000653000
0.000608000
0.000016000
0.001091000
0.000632000
0.000533000
0.000032000
0.001619000
0.000593000
0.000583000
0.000035000
0.000593000
0.000539000
0.000024000
0.000015000
0.001063000
0.000014000
0.001036000
0.000992000
0.003262000
0.000059000
0.000817000
0.000018000
0.000558000
0.002145000
0.001514000
0.000022000
0.000042000
0.000028000
0.000024000
0.000048000
0.000038000
0.000019000
0.000644000
0.000634000
0.001267000
0.000027000
0.001780000
0.000678000
0.001898000
0.001719000
0.000617000
0.002739000
0.000624000
0.000012000
0.000027000
0.000015000
0.000531000
0.000050000
0.002124000
0.000940000
0.000889000
0.000024000
0.000033000
0.000041000
0.000345000
0.000025000
0.000020000
0.001055000
0.000538000
0.001072000
0.000023000
0.000494000
0.000507000
0.000471000
0.000032000
0.000068000
0.000999000
0.000571000
0.000033000
0.000606000
0.000641000
0.001205000
0.000026000
0.000662000
0.000663000
0.003077000
0.001754000
0.000015000
0.000015000
0.001082000
0.000982000
0.003092000
0.000436000
0.000790000
0.000030000
0.000029000
0.000022000
0.000431000
0.000946000
0.000039000
0.000473000
0.000501000
0.000018000
0.000573000
0.000932000
0.000009000
0.001884000
0.000035000
0.001392000
0.000532000
0.000517000
0.000022000
0.000580000
0.000024000
0.000570000
0.001292000
0.001261000
0.000612000
0.000022000
0.000030000
0.001148000
0.000684000
0.000643000
0.000412000
0.003159000
0.000322000
0.000023000
0.000263000
0.000266000
0.000041000
0.000019000
0.000306000
0.000323000
0.000042000
0.000554000
0.000363000
0.000276000
0.000643000
0.000031000
0.000284000
0.000026000
0.000448000
0.000685000
0.000406000
0.000322000
0.000021000
0.000021000
0.000017000
0.001109000
0.000030000
0.000017000
0.000308000
0.000043000
0.000335000
0.000267000
0.000770000
0.000245000
0.000006000
0.000004000
0.000004000
0.000003000
0.000003000
0.000003000
0.000003000
0.000004000
0.000005000
0.000005000
0.000003000
0.000005000
0.000003000
0.000005000
0.000002000
0.000012000

0.000004000
0.000005000
0.000004000
0.000005000
0.000003000
0.000004000
0.000004000
0.000004000
0.000013000

0.000003000
0.000003000
0.000002000
0.000004000
0.000004000
