0.000153000
0.000021000
0.000744000
0.000026000
0.000070000
0.000404000
0.001406000
0.000557000
0.000552000
0.000070000
0.000629000
0.000016000
0.000041000
0.000928000
0.001632000
0.001531000
0.000441000
0.000025000
0.000019000
0.001558000
0.001494000
0.000585000
0.000018000
0.000571000
0.000427000
0.000034000
0.000425000
0.000030000
0.000830000
0.000832000
0.001334000
0.001027000
0.000073000
0.000333000
0.000291000
0.000058000
0.000027000
0.000028000
0.000020000
0.000322000
0.000022000
0.000026000
0.000022000
0.000030000
0.000350000
0.000031000
0.000298000
0.000025000
0.000035000
0.000032000
0.000337000
0.000485000
0.000598000
0.000012000
0.000049000
0.000400000
0.000012000
0.000045000
0.000873000
0.000072000
0.000317000
0.000313000
0.000544000
0.000031000
0.000005000
0.000004000
0.000003000
0.000012000
0.000018000
0.000024000
0.000004000
0.000002000

0.000003000
0.000003000
0.000003000
0.000004000
0.000002000
0.000002000
0.000003000
