0.001460000
0.000924000
0.000052000
0.000950000
0.000964000
0.000026000
0.000818000
0.000829000
0.000096000
0.002401000
0.000819000
0.000825000
0.000820000
0.000717000
0.000716000
0.002098000
0.000141000
0.000191000
0.000064000
0.000154000
0.000895000
0.001488000
0.000046000
0.000773000
0.000759000
0.001665000
0.000722000
0.000053000
0.000764000
0.001486000
0.001421000
0.000699000
0.000722000
0.000913000
0.000909000
0.000986000
0.000889000
0.000915000
0.000804000
0.000071000
0.001737000
0.000773000
0.003058000
0.000075000
0.000088000
0.002951000
0.001569000
0.002461000
0.000077000
0.000074000
0.000047000
0.001468000
0.000040000
0.000041000
0.000098000
0.000036000
0.000648000
0.000663000
0.000066000
0.000043000
0.000731000
0.002268000
0.000794000
0.002436000
0.000059000
0.000040000
0.000078000
0.001025000
0.001454000
0.000705000
0.000057000
0.000106000
0.002549000
0.001642000
0.001606000
0.000176000
0.000130000
0.000095000
0.000670000
0.001921000
0.000054000
0.000062000
0.000120000
0.001293000
0.000050000
0.000052000
0.000753000
0.000037000
0.002213000
0.000215000
0.001706000
0.000050000
0.000057000
0.000078000
0.000038000
0.000714000
0.000133000
0.001745000
0.000822000
0.000102000
0.000912000
0.000961000
0.000671000
0.000033000
0.002374000
0.000039000
0.000705000
0.000705000
0.000722000
0.002022000
0.001331000
0.000728000
0.000187000
43.802751000
0.000281000
43.813994000
0.000226000
0.000056000
0.000093000
0.000031000
0.000150000
0.000293000
0.000122000
0.000148000
0.000040000
0.000083000
0.000099000
0.000013000
0.000008000
0.000008000
0.000008000
0.000007000
0.000007000
0.000065000
0.000005000
0.000007000
0.000007000
0.000008000
0.000018000
0.000008000
0.000007000
0.000006000
0.000005000
0.000005000
