0.000054000
0.000066000
0.000070000
0.000127000
0.000141000
0.000084000
0.001903000
0.001754000
0.001809000
0.001819000
0.001899000
0.003793000
0.003856000
0.002274000
0.004338000
0.005976000
0.000032000
0.000125000
0.000044000
0.000068000
0.000025000
0.000123000
0.000036000
0.000135000
0.000170000
0.000046000
0.003746000
0.002335000
0.005605000
0.004318000
0.002097000
0.002667000
0.000039000
0.000056000
0.002032000
0.002015000
0.000030000
0.002049000
0.000029000
0.000059000
0.003683000
0.002012000
0.000026000
0.002524000
0.000022000
0.002524000
0.004876000
0.000013000
0.001704000
0.001933000
0.000031000
0.000056000
0.000057000
0.000036000
0.002028000
0.002044000
0.002177000
0.002003000
0.000041000
0.000125000
0.000018000
0.002176000
0.004187000
0.009879000
0.001933000
0.000065000
0.000039000
0.003517000
0.003633000
0.001932000
0.000056000
0.000054000
0.000080000
0.000067000
0.005440000
0.000110000
0.004116000
0.000052000
0.009408000
0.008785000
0.000091000
0.003667000
0.000042000
0.000023000
0.001860000
0.001903000
0.001888000
0.000043000
0.003651000
0.001780000
0.000025000
0.000125000
0.005997000
0.001934000
0.007409000
0.000113000
0.002145000
0.000085000
0.001851000
0.000080000
0.000009000
0.001818000
0.001976000
0.000134000
0.003708000
0.001970000
0.003455000
0.000065000
0.004214000
0.000079000
0.000033000
0.010428000
0.000034000
0.000033000
0.001861000
0.002301000
0.000053000
0.000064000
0.001681000
0.000060000
0.000166000
0.005807000
0.000077000
0.000055000
0.007995000
0.002251000
0.004044000
0.008307000
0.000167000
0.000043000
0.003750000
0.000065000
0.000038000
0.001803000
0.001904000
0.002245000
0.005946000
0.002070000
0.006197000
0.009800000
0.005301000
0.000065000
0.005916000
0.005538000
0.000057000
0.001865000
0.000051000
0.003776000
0.001582000
0.005715000
0.000042000
0.000089000
0.000148000
0.001982000
0.003965000
0.007650000
0.003635000
0.005792000
0.009875000
0.000057000
0.000117000
0.000094000
0.000040000
0.000129000
0.005131000
0.000133000
0.000110000
0.005293000
0.000044000
0.000050000
0.001900000
0.000101000
0.004185000
0.000100000
0.000035000
0.002179000
0.000076000
0.001898000
0.000032000
0.000023000
0.004059000
0.002086000
0.000054000
0.001871000
0.000060000
0.003818000
0.001796000
0.000076000
0.000090000
0.000112000
0.001841000
0.000059000
0.000148000
0.000150000
0.002071000
0.013060000
0.002105000
0.000045000
0.000042000
0.000035000
0.004145000
0.000035000
0.000053000
0.002208000
0.000051000
0.000037000
0.002168000
0.006161000
0.000110000
0.000107000
0.000187000
0.000050000
0.000030000
0.000055000
0.003447000
0.002349000
0.002357000
0.002322000
0.002448000
0.002269000
0.000060000
0.012814000
0.008356000
0.002050000
0.001885000
0.000049000
0.002042000
0.001784000
0.000052000
0.000071000
0.001565000
0.001949000
0.007946000
0.009145000
0.001622000
0.000112000
0.002150000
0.002009000
0.004045000
0.001783000
0.000150000
0.001436000
0.000037000
0.005514000
0.003785000
0.003491000
0.002245000
0.004186000
0.000057000
0.003895000
0.001929000
0.005508000
0.000127000
0.003746000
0.002330000
0.009437000
0.000101000
0.000070000
0.005642000
0.001977000
0.000044000
0.001579000
0.002270000
0.000128000
0.001840000
0.003600000
0.001863000
0.001959000
0.000016000
0.007861000
0.004138000
0.009913000
0.000068000
0.001855000
0.000094000
0.003982000
0.001807000
0.002024000
0.000166000
0.001775000
0.004105000
0.000085000
0.000083000
0.001840000
0.000029000
0.000068000
0.000105000
0.005020000
0.000064000
0.000085000
0.001757000
0.000096000
0.003428000
0.002004000
0.001905000
0.001904000
0.000062000
0.000111000
0.001889000
0.005872000
0.000107000
0.000116000
0.000044000
0.001708000
0.002075000
0.000116000
0.002060000
0.001970000
0.002028000
0.000074000
0.000096000
0.005753000
0.003668000
0.001875000
0.003649000
0.001936000
0.002047000
0.001942000
0.000073000
0.000047000
0.005467000
0.000062000
0.000066000
0.007609000
0.003925000
0.000099000
0.003238000
0.003792000
0.000114000
0.001880000
0.000035000
0.000071000
0.000075000
0.004037000
0.000054000
0.022458000
0.000008000
0.000008000
0.000008000
0.000007000
0.000015000
0.000006000
0.000007000
0.000007000
0.000006000
0.000008000
0.000007000
0.000006000
0.000006000
0.000007000
0.000007000
0.000006000
