0.001046000
0.000025000
0.000023000
0.000021000
0.000011000
0.000010000
0.001146000
0.000016000
0.000026000
0.001174000
0.001239000
0.001473000
0.001466000
0.001480000
0.003154000
0.004601000
0.000067000
0.000055000
0.001090000
0.000029000
0.000042000
0.001231000
0.001246000
0.002384000
0.001191000
0.000013000
0.000033000
0.000022000
0.002970000
0.000020000
0.005765000
0.003262000
0.000036000
0.000021000
0.000022000
0.000014000
0.000017000
0.000026000
0.000007000
0.002850000
0.000020000
0.002811000
0.001512000
0.000035000
0.000025000
0.000051000
0.000017000
0.003528000
0.000039000
0.000032000
0.000042000
0.002980000
0.004069000
0.001574000
0.003226000
0.000034000
0.004454000
0.003111000
0.001638000
0.000036000
0.000037000
0.003381000
0.005055000
0.004948000
0.000962000
0.001065000
0.000022000
0.000042000
0.000016000
0.002608000
0.000018000
0.000029000
0.000044000
0.000014000
0.003271000
0.003258000
0.000051000
0.000026000
0.004733000
0.004366000
0.001225000
0.000031000
0.001212000
0.000015000
0.000025000
0.000009000
0.001395000
0.000008000
0.000017000
0.001630000
0.000015000
0.000016000
0.001842000
0.007031000
0.001212000
0.002800000
0.000032000
0.000055000
0.000027000
0.000032000
0.000049000
0.000042000
0.001600000
0.000017000
0.000006000
0.000035000
0.003159000
0.001519000
0.000011000
0.000030000
0.002568000
0.004979000
0.000047000
0.000051000
0.000041000
0.000011000
0.000015000
0.000024000
0.000027000
0.001316000
0.000030000
0.001471000
0.000025000
0.001015000
0.002557000
0.000008000
0.001180000
0.000020000
0.001020000
0.001075000
0.000047000
0.000016000
0.004206000
0.001499000
0.000025000
0.000016000
0.003275000
0.000005000
0.001548000
0.000030000
0.002074000
0.000008000
0.000020000
0.004520000
0.000012000
0.000033000
0.000009000
0.003073000
0.001682000
0.000027000
0.000021000
0.001852000
0.000076000
0.005253000
0.001604000
0.006686000
0.001726000
0.001420000
0.004437000
0.000027000
0.000010000
0.002778000
0.003275000
0.000012000
0.000019000
0.001593000
0.003068000
0.001504000
0.000042000
0.000015000
0.000017000
0.000034000
0.004347000
0.000041000
0.001004000
0.003879000
0.002117000
0.002210000
0.000032000
0.000063000
0.000024000
0.002099000
0.001372000
0.001363000
0.001259000
0.000024000
0.002988000
0.000017000
0.003169000
0.000064000
0.000023000
0.000008000
0.001304000
0.000960000
0.000052000
0.001003000
0.002146000
0.000026000
0.000017000
0.000023000
0.002574000
0.000019000
0.000022000
0.003240000
0.004674000
0.005232000
0.008043000
0.001917000
0.001660000
0.001059000
0.000031000
0.002076000
0.000025000
0.001459000
0.001125000
0.002790000
0.004281000
0.000038000
0.000011000
0.000017000
0.001513000
0.002810000
0.001277000
0.002830000
0.000004000
0.000004000
0.000004000
0.000002000
0.000004000
0.000003000
0.000004000
0.000005000
0.000004000
0.000003000
0.000004000
0.000004000
0.000004000
0.000003000
0.000004000
0.000004000
