0.001340000
0.000886000
0.000044000
0.000932000
0.000935000
0.000019000
0.000809000
0.000795000
0.000030000
0.002386000
0.000795000
0.000816000
0.000778000
0.000707000
0.000673000
0.002082000
0.000062000
0.000053000
0.000041000
0.000086000
0.000869000
0.001463000
0.000037000
0.000763000
0.000749000
0.001634000
0.000594000
0.000027000
0.000728000
0.001437000
0.001319000
0.000645000
0.000692000
0.000642000
0.000893000
0.000930000
0.000881000
0.000854000
0.000788000
0.000028000
0.001706000
0.000770000
0.003044000
0.000029000
0.000019000
0.002940000
0.001562000
0.002409000
0.000063000
0.000028000
0.000027000
0.001458000
0.000028000
0.000025000
0.000031000
0.000026000
0.000569000
0.000655000
0.000029000
0.000033000
0.000716000
0.002160000
0.000785000
0.002404000
0.000027000
0.000024000
0.000039000
0.000982000
0.001440000
0.000691000
0.000048000
0.000035000
0.002539000
0.001616000
0.001593000
0.000073000
0.000055000
0.000012000
0.000637000
0.001788000
0.000040000
0.000038000
0.000029000
0.001280000
0.000040000
0.000028000
0.000710000
0.000016000
0.002174000
0.000037000
0.001618000
0.000037000
0.000041000
0.000025000
0.000018000
0.000703000
0.000028000
0.001734000
0.000776000
0.000067000
0.000896000
0.000885000
0.000652000
0.000021000
0.002347000
0.000029000
0.000695000
0.000644000
0.000713000
0.001952000
0.001315000
0.000705000
0.000122000
17603604062ReaderInnerMetric
0.000240000
17605592739ReaderInnerMetric
0.000190000
0.000027000
0.000022000
0.000015000
0.000022000
0.000168000
0.000120000
0.000137000
0.000009000
0.000018000
0.000089000
0.000010000
0.000004000
0.000004000
0.000004000
0.000004000
0.000004000
0.000003000
0.000003000
0.000004000
0.000004000
0.000004000
0.000008000
0.000004000
0.000003000
0.000003000
0.000003000
0.000003000
