0.001058000
0.000053000
0.000032000
0.000028000
0.000020000
0.000115000
0.001152000
0.000035000
0.000037000
0.001188000
0.001378000
0.001520000
0.001479000
0.001545000
0.003168000
0.004617000
0.000075000
0.000070000
0.001101000
0.000042000
0.000061000
0.001303000
0.001306000
0.002398000
0.001195000
0.000041000
0.000045000
0.000086000
0.003012000
0.000101000
0.005797000
0.003290000
0.000051000
0.000057000
0.000129000
0.000034000
0.000123000
0.000033000
0.000034000
0.002956000
0.000025000
0.002846000
0.001528000
0.000172000
0.000058000
0.000072000
0.000034000
0.003597000
0.000052000
0.000044000
0.000073000
0.003006000
0.004147000
0.001585000
0.003297000
0.000054000
0.004475000
0.003122000
0.001648000
0.000065000
0.000070000
0.003399000
0.005064000
0.004961000
0.000968000
0.001091000
0.000050000
0.000055000
0.000037000
0.002625000
0.000032000
0.000042000
0.000093000
0.000033000
0.003357000
0.003266000
0.000074000
0.000107000
0.004755000
0.004384000
0.001240000
0.000047000
0.001237000
0.000154000
0.000039000
0.000015000
0.001483000
0.000015000
0.000074000
0.001670000
0.000062000
0.000031000
0.001891000
0.007055000
0.001361000
0.002837000
0.000049000
0.000126000
0.000076000
0.000075000
0.000066000
0.000065000
0.001678000
0.000047000
0.000009000
0.000070000
0.003256000
0.001557000
0.000075000
0.000054000
0.002582000
0.004987000
0.000183000
0.000061000
0.000058000
0.000113000
0.000061000
0.000038000
0.000052000
0.001386000
0.000111000
0.001507000
0.000033000
0.001055000
0.002588000
0.000012000
0.001306000
0.000053000
0.001066000
0.001099000
0.000102000
0.000027000
0.004223000
0.001546000
0.000032000
0.000031000
0.003322000
0.000023000
0.001578000
0.000050000
0.002110000
0.000099000
0.000188000
0.004656000
0.000110000
0.000060000
0.000060000
0.003099000
0.001707000
0.000035000
0.000132000
0.001865000
0.000114000
0.005332000
0.001655000
0.006690000
0.001740000
0.001489000
0.004455000
0.000041000
0.000029000
0.002932000
0.003356000
0.000043000
0.000023000
0.001596000
0.003113000
0.001517000
0.000059000
0.000031000
0.000079000
0.000060000
0.004390000
0.000057000
0.001018000
0.003910000
0.002127000
0.002263000
0.000043000
0.000080000
0.000048000
0.002153000
0.001489000
0.001371000
0.001292000
0.000091000
0.003036000
0.000020000
0.003258000
0.000093000
0.000060000
0.000019000
0.001352000
0.001017000
0.000103000
0.001013000
0.002163000
0.000045000
0.000029000
0.000046000
0.002578000
0.000033000
0.000039000
0.003371000
0.004719000
0.005343000
0.008076000
0.001937000
0.001720000
0.001089000
0.000054000
0.002092000
0.000074000
0.001480000
0.001158000
0.002808000
0.004338000
0.000042000
0.000090000
0.000026000
0.001520000
0.002941000
0.001343000
0.002839000
0.000007000
0.000007000
0.000007000
0.000005000
0.000007000
0.000005000
0.000007000
0.000008000
0.000006000
0.000006000
0.000007000
0.000007000
0.000007000
0.000006000
0.000007000
0.000007000
