0.000006000
0.000005000
0.000032000
0.000010000
0.000006000
0.000005000
0.000005000
0.000004000
0.000044000
0.000013000
0.000004000
0.000004000
0.000015000
0.000004000
0.000004000
0.000021000
0.000073000
0.000448000
0.000010000
0.000522000
0.000619000
0.000020000
0.000652000
0.000036000
0.000344000
0.000029000
0.000369000
0.000025000
0.000014000
0.000472000
0.000498000
0.000174000
0.000517000
0.001170000
0.000206000
0.000560000
0.000920000
0.000577000
0.000565000
0.000596000
0.000640000
0.000030000
0.000147000
0.000083000
0.000690000
0.001402000
0.000618000
0.000612000
0.000619000

0.000253000

0.000828000
0.000750000
0.001245000

0.000779000
0.000757000

0.000770000
0.000805000
0.001329000
0.000744000
0.000739000
0.001351000
0.000743000
0.000767000

0.000792000
0.000737000
0.001320000
0.000380000

0.000028000
0.000008000
0.000008000
0.000009000
0.000008000
0.000008000
0.000008000
0.000007000
0.000154000
