0.000051000
0.000138000
0.000022000
0.000038000
0.001459000
0.000070000
0.001494000
0.000070000
0.001417000
0.001451000
0.001453000
0.001481000
0.000049000
0.001505000
0.001543000
0.001654000
0.001637000
0.001775000
0.001886000
0.001895000
0.003544000
0.003691000
0.006951000
0.007227000
0.000059000
0.000072000
0.000047000
0.000097000
0.001301000
0.000039000
0.000127000
0.001503000
0.000050000
0.000075000
0.001340000
0.000081000
0.000038000
0.001386000
0.001306000
0.001453000
0.001843000
0.003285000
0.000072000
0.002969000
0.000058000
0.003178000
0.006813000
0.003445000
0.000053000
0.000084000
0.000060000
0.000115000
0.000076000
0.000115000
0.001361000
0.001254000
0.001255000
0.000129000
0.000037000
0.001421000
0.001372000
0.002808000
0.000065000
0.002543000
0.003900000
0.003113000
0.000038000
0.001459000
0.005798000
0.002804000
0.000923000
0.001379000
0.000039000
0.001764000
0.000053000
0.001688000
0.000030000
0.001374000
0.000030000
0.001280000
0.001355000
0.002761000
0.000080000
0.001502000
0.000189000
0.000127000
0.001466000
0.000048000
0.004230000
0.007133000
0.000053000
0.001248000
0.000065000
0.003944000
0.001618000
0.008471000
0.000042000
0.000155000
0.000027000
0.001868000
0.002888000
0.000107000
0.000064000
0.001407000
0.000041000
0.000139000
0.002890000
0.001603000
0.004586000
0.003192000
0.003007000
0.000048000
0.003025000
0.001432000
0.001264000
0.000045000
0.003389000
0.007368000
0.001225000
0.000084000
0.000062000
0.000122000
0.000026000
0.001531000
0.001432000
0.001122000
0.000048000
0.001354000
0.002658000
0.000026000
0.001493000
0.003013000
0.000038000
0.001700000
0.001673000
0.003264000
0.003169000
0.001706000
0.000039000
0.003518000
0.000136000
0.003014000
0.003225000
0.001567000
0.000082000
0.000104000
0.001394000
0.002813000
0.004361000
0.000060000
0.000052000
0.003095000
0.002162000
0.001777000
0.004020000
0.000099000
0.000101000
0.004290000
0.000098000
0.001559000
0.001544000
0.002926000
0.001555000
0.000035000
0.001499000
0.000047000
0.000017000
0.006681000
0.000060000
0.000092000
0.001314000
0.000045000
0.002478000
0.001152000
0.000035000
0.005343000
0.003190000
0.000056000
0.001448000
0.000051000
0.000034000
0.000071000
0.000058000
0.001543000
0.001613000
0.002993000
0.002994000
0.003133000
0.000067000
0.000025000
0.005431000
0.001655000
0.000066000
0.000044000
0.000037000
0.002568000
0.000031000
0.004183000
0.002502000
0.001564000
0.001810000
0.002042000
0.001782000
0.003553000
0.001771000
0.000085000
0.003671000
0.000035000
0.000118000
0.001822000
0.000083000
0.001434000
0.001597000
0.000030000
0.003260000
0.003035000
0.001461000
0.000050000
0.001402000
0.001688000
0.000030000
0.000058000
0.003204000
0.000150000
0.004719000
0.000033000
0.000035000
0.001886000
0.002013000
0.003083000
0.003216000
0.003190000
0.000054000
0.001862000
0.003750000
0.006806000
0.000065000
0.004044000
0.014174000
0.000065000
0.004944000
0.000072000
0.002870000
0.000033000
0.001441000
0.000188000
0.000031000
0.001734000
0.001383000
0.001305000
0.000025000
0.004391000
0.005809000
0.006149000
0.000049000
0.003246000
0.000097000
0.000056000
0.000027000
0.001905000
0.000037000
0.003316000
0.001643000
0.001938000
0.000178000
0.000109000
0.000045000
0.001381000
0.000019000
0.003267000
0.003186000
0.003320000
0.001312000
0.000055000
0.000076000
0.001634000
0.004259000
0.001539000
0.000038000
0.004472000
0.001905000
0.001886000
0.005066000
0.000039000
0.001646000
0.004933000
0.000069000
0.003122000
0.000043000
0.000030000
0.003059000
0.003063000
0.001767000
0.000045000
0.000045000
0.001093000
0.000015000
0.000026000
0.000062000
0.000080000
0.001282000
0.001292000
0.000119000
0.000083000
0.000020000
0.000057000
0.000033000
0.000161000
0.000033000
0.001568000
0.000151000
0.001453000
0.001451000
0.000071000
0.000074000
0.000149000
0.000102000
0.006333000
0.001230000
0.006572000
0.001236000
0.001233000
0.001244000
0.000034000
0.000020000
0.000040000
0.001714000
0.003061000
0.000064000
0.000049000
0.001695000
0.003590000
0.003193000
0.005132000
0.005276000
0.001645000
0.000106000
0.000123000
0.000128000
0.002874000
0.000058000
0.001053000
0.000075000
0.000070000
0.001640000
0.000062000
0.002829000
0.000032000
0.003287000
0.000024000
0.000051000
0.001468000
0.000056000
0.001290000
0.000052000
0.001519000
0.000073000
0.004781000
0.004835000
0.001617000
0.000077000
0.001450000
0.001527000
0.001367000
0.000082000
0.000102000
0.000115000
0.000031000
0.003066000
0.001674000
0.001835000
0.000096000
0.004324000
0.001617000
0.000196000
0.000215000
0.002581000
0.001473000
0.000062000
0.000095000
0.009858000
0.000032000
0.000111000
0.002882000
0.000008000
0.000007000
0.000007000
0.000009000
0.000008000
0.000007000
0.000008000
0.000006000
0.000006000
0.000007000
0.000007000
0.000007000
0.000007000
0.000008000
0.000007000
0.000005000
0.000008000
0.000008000
0.000005000
0.000005000
0.000006000
0.000007000
0.000006000
0.000007000
