0.000040000
0.000053000
0.000037000
0.000504000
0.000056000
0.000433000
0.001179000
0.000112000
0.001133000
0.002026000
0.000035000
0.000610000
0.000036000
0.000040000
0.000233000
0.001162000
0.000094000
0.001368000
0.000030000
0.000038000
0.000089000
0.001395000
0.000721000
0.001242000
0.000685000
0.000090000
0.000114000
0.000057000
0.001393000
0.000125000
0.000026000
0.000632000
0.000620000
0.000633000
0.000694000
0.000049000
0.001151000
0.000054000
0.000039000
0.001692000
0.000584000
0.000042000
0.000527000
0.000529000
0.000046000
0.001769000
0.001128000
0.001910000
0.000569000
0.001116000
0.001058000
0.001005000
0.000526000
0.001021000
0.000024000
0.000529000
0.000548000
0.000080000
0.000083000
0.000131000
0.001854000
0.000771000
0.000676000
0.002013000
0.001869000
0.000722000
0.000038000
0.000696000
0.001439000
0.001415000
0.001292000
0.000055000
0.000367000
0.001069000
0.000040000
0.000078000
0.000457000
0.000513000
0.000466000
0.001034000
0.001872000
0.000511000
0.000447000
0.000433000
0.000039000
0.000472000
0.000471000
0.000529000
0.000660000
0.000622000
0.000042000
0.000630000
0.000608000
0.000579000
0.001149000
0.001926000
0.000746000
0.000076000
0.000359000
0.000420000
0.000065000
0.000049000
0.000463000
0.000056000
0.000073000
0.000047000
0.000575000
0.000062000
0.000421000
0.000045000
0.000339000
0.000047000
0.000124000
0.000106000
0.000034000
0.000366000
0.000347000
0.000357000
0.000705000
0.000277000
0.000008000
0.000008000
0.000008000
0.000005000
0.000006000
0.000008000
0.000008000
0.000007000
0.000005000
0.000006000
0.000008000
0.000005000
0.000033000
0.000037000
0.000008000
0.000007000
0.000006000
0.000008000
0.000008000
0.000007000
0.000007000
0.000025000
0.000008000
0.000007000
