0.000073000
0.000831000
0.000051000
0.000051000
0.000876000
0.000057000
0.000869000
0.000053000
0.002105000
0.000108000
0.000029000
0.002423000
0.000052000
0.000017000
0.002612000
0.001818000
0.001107000
0.001846000
0.001861000
0.001845000
0.001868000
0.001049000
0.002051000
0.004035000
0.000718000
0.000059000
0.000041000
0.000049000
0.001280000
0.000679000
0.000973000
0.000899000
0.002365000
0.000063000
0.000048000
0.000850000
0.000850000
0.000038000
0.000029000
0.002456000
0.000056000
0.000071000
0.000938000
0.002743000
0.001852000
0.002012000
0.001116000
0.000085000
0.000030000
0.000043000
0.000028000
0.000057000
0.000601000
0.000030000
0.000054000
0.000043000
0.000050000
0.000070000
0.000026000
0.000045000
0.002525000
0.000032000
0.000747000
0.000770000
0.001427000
0.000659000
0.000766000
0.000032000
0.000035000
0.001545000
0.002728000
0.000654000
0.000041000
0.001263000
0.001411000
0.000681000
0.000034000
0.000086000
0.000690000
0.002835000
0.000057000
0.000035000
0.000081000
0.000050000
0.000887000
0.000050000
0.000940000
0.001774000
0.000069000
0.000094000
0.001458000
0.000820000
0.000831000
0.000762000
0.001448000
0.000749000
0.000049000
0.000037000
0.000030000
0.000088000
0.001416000
0.000828000
0.000050000
0.000046000
0.000767000
0.000033000
0.000746000
0.000039000
0.000049000
0.000062000
0.001566000
0.000032000
0.001018000
0.000063000
0.000063000
0.001853000
0.001287000
0.000161000
0.000638000
0.001533000
0.000050000
0.000075000
0.000075000
0.000063000
0.000741000
0.001352000
0.000093000
0.000805000
0.000051000
0.000809000
0.001503000
0.000020000
0.000084000
0.000069000
0.000094000
0.001319000
0.000087000
0.000032000
0.003114000
0.003044000
0.002065000
0.000068000
0.005513000
0.002930000
0.000767000
0.000785000
0.000093000
0.000050000
0.000715000
0.000032000
0.000759000
0.000028000
0.000807000
0.001714000
0.000038000
0.000033000
0.001758000
0.000020000
0.000087000
0.000018000
0.000115000
0.003104000
0.000085000
0.002156000
0.002291000
0.000979000
0.003673000
0.005368000
0.000097000
0.000036000
0.000033000
0.000063000
0.000040000
0.000034000
0.000044000
0.001426000
0.005886000
0.000025000
0.001258000
0.003943000
0.002056000
0.002084000
0.000026000
0.000015000
0.000067000
0.001182000
0.001323000
0.000049000
0.004790000
0.001359000
0.008509000
0.001779000
0.000069000
0.000543000
0.000072000
0.000071000
0.000448000
0.000955000
0.000575000
0.000059000
0.001177000
0.000058000
0.000064000
0.000036000
0.000683000
0.000034000
0.000025000
0.000511000
0.000153000
0.000578000
0.000113000
0.000056000
0.000033000
0.000064000
0.001018000
0.000472000
0.000008000
0.000007000
0.000007000
0.000006000
0.000007000
0.000007000
0.000007000
0.000007000
0.000007000
0.000007000
0.000011000
0.000071000
0.000050000
0.000022000
0.000048000
0.000111000
0.000006000
0.000006000
0.000005000
0.000007000
0.000008000
0.000005000
0.000006000
0.000005000
