0.000059000
0.000818000
0.000029000
0.000040000
0.000813000
0.000043000
0.000843000
0.000018000
0.002095000
0.000029000
0.000017000
0.002405000
0.000030000
0.000009000
0.002571000
0.001808000
0.001094000
0.001827000
0.001854000
0.001837000
0.001855000
0.001028000
0.002042000
0.004032000
0.000698000
0.000017000
0.000022000
0.000031000
0.001262000
0.000654000
0.000950000
0.000888000
0.002354000
0.000015000
0.000042000
0.000835000
0.000840000
0.000023000
0.000023000
0.002444000
0.000048000
0.000022000
0.000922000
0.002692000
0.001836000
0.002004000
0.001105000
0.000032000
0.000021000
0.000030000
0.000015000
0.000031000
0.000581000
0.000014000
0.000025000
0.000023000
0.000036000
0.000017000
0.000012000
0.000019000
0.002516000
0.000025000
0.000736000
0.000717000
0.001402000
0.000646000
0.000750000
0.000016000
0.000018000
0.001534000
0.002717000
0.000639000
0.000029000
0.001244000
0.001394000
0.000660000
0.000022000
0.000016000
0.000682000
0.002824000
0.000016000
0.000021000
0.000047000
0.000038000
0.000869000
0.000016000
0.000918000
0.001731000
0.000019000
0.000036000
0.001402000
0.000806000
0.000825000
0.000745000
0.001434000
0.000734000
0.000036000
0.000021000
0.000021000
0.000025000
0.001403000
0.000812000
0.000032000
0.000029000
0.000753000
0.000020000
0.000730000
0.000027000
0.000019000
0.000054000
0.001557000
0.000021000
0.000997000
0.000051000
0.000052000
0.001821000
0.001229000
0.000065000
0.000626000
0.001431000
0.000020000
0.000055000
0.000036000
0.000045000
0.000725000
0.001334000
0.000042000
0.000789000
0.000026000
0.000765000
0.001499000
0.000004000
0.000033000
0.000058000
0.000038000
0.001303000
0.000021000
0.000020000
0.003093000
0.003036000
0.002052000
0.000020000
0.005492000
0.002901000
0.000743000
0.000772000
0.000081000
0.000019000
0.000704000
0.000021000
0.000746000
0.000017000
0.000796000
0.001581000
0.000021000
0.000019000
0.001735000
0.000006000
0.000030000
0.000012000
0.000050000
0.003095000
0.000018000
0.002147000
0.002278000
0.000965000
0.003658000
0.005313000
0.000038000
0.000022000
0.000017000
0.000042000
0.000025000
0.000025000
0.000028000
0.001382000
0.005877000
0.000008000
0.001205000
0.003917000
0.002005000
0.002074000
0.000017000
0.000006000
0.000041000
0.001113000
0.001305000
0.000034000
0.004772000
0.001245000
0.008402000
0.001732000
0.000022000
0.000485000
0.000029000
0.000034000
0.000405000
0.000945000
0.000520000
0.000044000
0.001147000
0.000040000
0.000030000
0.000026000
0.000670000
0.000024000
0.000014000
0.000498000
0.000058000
0.000557000
0.000031000
0.000021000
0.000023000
0.000041000
0.001003000
0.000440000
0.000005000
0.000004000
0.000003000
0.000004000
0.000003000
0.000004000
0.000004000
0.000004000
0.000004000
0.000003000
0.000009000
0.000023000
0.000040000
0.000020000
0.000026000
0.000005000
0.000003000
0.000003000
0.000002000
0.000004000
0.000004000
0.000003000
0.000003000
0.000002000
