0.000027000
0.000026000
0.000029000
0.000416000
0.000022000
0.000416000
0.001161000
0.000044000
0.001111000
0.002010000
0.000018000
0.000601000
0.000027000
0.000033000
0.000078000
0.001156000
0.000026000
0.001350000
0.000023000
0.000031000
0.000059000
0.001365000
0.000671000
0.001235000
0.000591000
0.000043000
0.000024000
0.000023000
0.001364000
0.000039000
0.000023000
0.000617000
0.000587000
0.000623000
0.000648000
0.000019000
0.001086000
0.000042000
0.000024000
0.001679000
0.000558000
0.000013000
0.000520000
0.000518000
0.000031000
0.001695000
0.001086000
0.001806000
0.000515000
0.001079000
0.000976000
0.000967000
0.000467000
0.001018000
0.000013000
0.000516000
0.000458000
0.000068000
0.000056000
0.000016000
0.001839000
0.000757000
0.000658000
0.001989000
0.001827000
0.000668000
0.000014000
0.000688000
0.001432000
0.001397000
0.001279000
0.000027000
0.000314000
0.000948000
0.000025000
0.000029000
0.000437000
0.000462000
0.000425000
0.001009000
0.001818000
0.000474000
0.000431000
0.000360000
0.000025000
0.000421000
0.000464000
0.000496000
0.000561000
0.000579000
0.000014000
0.000622000
0.000569000
0.000521000
0.001142000
0.001891000
0.000552000
0.000056000
0.000319000
0.000289000
0.000024000
0.000021000
0.000415000
0.000032000
0.000013000
0.000028000
0.000562000
0.000033000
0.000401000
0.000032000
0.000307000
0.000019000
0.000070000
0.000030000
0.000023000
0.000297000
0.000285000
0.000352000
0.000660000
0.000261000
0.000004000
0.000004000
0.000005000
0.000003000
0.000003000
0.000004000
0.000004000
0.000003000
0.000003000
0.000004000
0.000005000
0.000002000
0.000031000
0.000033000
0.000004000
0.000004000
0.000003000
0.000004000
0.000005000
0.000004000
0.000004000
0.000004000
0.000006000
0.000004000
