0.000002000
0.000002000
0.000028000
0.000002000
0.000003000
0.000004000
0.000002000
0.000002000
0.000042000
0.000006000
0.000002000
0.000002000
0.000008000
0.000002000
0.000002000
0.000016000
0.000042000
0.000022000
0.000002000
0.000485000
0.000576000
0.000012000
0.000550000
0.000030000
0.000026000
0.000282000
0.000012000
0.000467000
0.000492000
0.000024000
0.000465000
0.001164000
0.000021000
0.000553000
0.000880000
0.000569000
0.000556000
0.000630000
0.000043000
0.000066000
0.000651000
0.001390000
0.000600000
0.000602000
0.000610000

0.000147000

0.000802000
0.000734000
0.001228000

0.000759000
0.000754000
0.000757000
0.000780000
0.001326000
0.000693000
0.000731000
0.001348000
0.000727000
0.000764000

0.000779000
0.000734000
0.001318000
