0.000021000
0.000072000
0.000016000
0.000027000
0.000029000
0.000024000
0.000020000
0.000008000
0.000028000
0.002267000
0.002179000
0.002288000
0.002438000
0.002456000
0.004427000
0.002590000
0.002522000
0.004522000
0.002895000
0.002849000
0.005437000
0.005227000
0.007518000
0.011618000
0.000018000
0.000025000
0.000013000
0.000022000
0.000027000
0.001879000
0.000030000
0.000019000
0.001863000
0.001980000
0.000027000
0.000019000
0.002064000
0.001976000
0.001990000
0.000058000
0.002009000
0.005963000
0.004082000
0.004338000
0.004804000
0.002778000
0.004614000
0.004361000
0.000047000
0.000039000
0.000027000
0.004138000
0.001972000
0.002147000
0.000047000
0.001988000
0.004048000
0.001896000
0.002019000
0.002174000
0.000010000
0.000012000
0.008196000
0.002207000
0.000028000
0.006526000
0.000026000
0.002305000
0.004367000
0.010527000
0.004415000
0.002007000
0.001916000
0.000051000
0.000049000
0.000037000
0.000025000
0.001950000
0.000012000
0.000024000
0.000019000
0.000030000
0.000021000
0.002330000
0.005600000
0.002238000
0.002219000
0.000021000
0.001903000
0.001917000
0.000065000
0.003725000
0.000056000
0.006088000
0.006275000
0.000020000
0.000050000
0.001644000
0.001707000
0.002429000
0.000011000
0.002829000
0.000036000
0.004534000
0.000012000
0.000068000
0.002199000
0.000069000
0.000041000
0.003921000
0.000019000
0.001727000
0.005930000
0.000029000
0.000039000
0.001923000
0.000014000
0.000018000
0.002062000
0.002464000
0.000023000
0.000033000
0.000031000
0.000038000
0.001966000
0.001954000
0.000037000
0.000050000
0.007869000
0.001665000
0.000040000
0.001899000
0.000017000
0.003571000
0.000005000
0.000018000
0.000024000
0.003766000
0.000027000
0.002192000
0.004259000
0.002127000
0.001748000
0.007094000
0.002140000
0.003816000
0.000016000
0.001935000
0.001796000
0.000025000
0.000022000
0.003472000
0.001764000
0.000013000
0.000025000
0.000041000
0.000023000
0.000023000
0.002076000
0.004143000
0.000043000
0.000047000
0.004232000
0.000024000
0.007806000
0.002217000
0.000013000
0.002004000
0.001881000
0.000023000
0.001832000
0.001906000
0.000021000
0.000015000
0.003975000
0.000023000
0.000050000
0.000034000
0.002066000
0.002154000
0.001876000
0.000022000
0.001996000
0.000055000
0.000029000
0.000039000
0.000035000
0.011808000
0.000030000
0.001910000
0.001926000
0.000011000
0.000025000
0.000056000
0.000043000
0.003671000
0.000037000
0.000025000
0.001846000
0.000050000
0.001657000
0.000011000
0.001803000
0.001922000
0.000024000
0.002136000
0.000013000
0.002334000
0.002069000
0.002049000
0.000029000
0.004094000
0.005540000
0.001761000
0.002179000
0.000030000
0.000032000
0.000006000
0.000047000
0.000020000
0.000022000
0.000023000
0.001763000
0.002146000
0.000020000
0.002224000
0.000027000
0.000018000
0.000079000
0.010297000
0.002274000
0.006366000
0.006131000
0.003960000
0.000037000
0.003905000
0.001911000
0.008381000
0.002251000
0.004031000
0.000015000
0.000050000
0.000037000
0.000044000
0.000025000
0.003878000
0.000042000
0.000020000
0.005989000
0.000028000
0.000050000
0.002164000
0.002140000
0.002005000
0.000028000
0.001846000
0.000047000
0.000034000
0.000027000
0.000058000
0.010242000
0.000037000
0.000009000
0.000040000
0.001671000
0.000066000
0.001646000
0.001893000
0.006027000
0.008030000
0.004292000
0.000023000
0.000033000
0.001999000
0.004319000
0.001886000
0.000063000
0.000024000
0.000029000
0.000039000
0.003831000
0.001833000
0.002028000
0.008562000
0.004458000
0.000021000
0.002165000
0.008700000
0.001855000
0.002030000
0.001784000
0.000043000
0.000021000
0.003603000
0.001902000
0.000033000
0.000014000
0.000024000
0.000025000
0.002649000
0.004517000
0.000036000
0.000005000
0.007165000
0.008966000
0.010440000
0.010753000
0.000029000
0.000022000
0.001984000
0.004043000
0.002292000
0.000029000
0.000033000
0.001874000
0.000036000
0.000023000
0.000027000
0.000030000
0.000018000
0.003602000
0.000050000
0.000031000
0.001881000
0.003966000
0.000010000
0.001958000
0.000015000
0.004145000
0.000021000
0.000021000
0.002131000
0.000037000
0.000015000
0.006710000
0.004834000
0.006079000
0.000017000
0.002367000
0.000030000
0.004093000
0.000032000
0.001912000
0.000027000
0.002009000
0.000031000
0.000028000
0.001946000
0.000063000
0.000024000
0.000017000
0.003618000
0.003868000
0.005866000
0.002058000
0.009634000
0.004019000
0.001760000
0.000065000
0.001949000
0.000053000
0.000032000
0.000021000
0.000029000
0.006293000
0.004110000
0.000010000
0.002034000
0.000011000
0.000021000
0.002076000
0.006503000
0.000032000
0.006151000
0.007844000
0.000028000
0.000012000
0.000018000
0.000006000
0.001844000
0.000006000
0.000019000
0.005834000
0.001935000
0.000038000
0.000018000
0.000037000
0.001832000
0.003850000
0.001806000
0.001769000
0.000017000
0.000028000
0.000022000
0.000067000
0.001894000
0.000030000
0.002046000
0.001959000
0.001940000
0.002002000
0.002105000
0.007521000
0.000019000
0.006384000
0.006462000
0.000070000
0.006284000
0.000027000
0.000051000
0.001585000
0.003894000
0.000018000
0.000036000
0.000048000
0.001888000
0.001981000
0.000037000
0.002046000
0.007874000
0.002379000
0.002110000
0.000025000
0.000048000
0.006154000
0.003899000
0.000040000
0.005817000
0.000028000
0.000011000
0.002112000
0.000023000
0.000014000
0.000021000
0.002013000
0.000016000
0.001887000
0.000027000
0.000042000
0.000018000
0.001918000
0.004125000
0.001931000
0.012220000
0.006165000
0.000019000
0.002488000
0.000021000
0.000030000
0.000039000
0.004974000
0.000047000
0.002237000
0.000025000
0.004347000
0.006610000
0.000031000
0.000026000
0.000018000
0.006327000
0.000010000
0.000022000
0.002054000
0.001916000
0.000022000
0.000018000
0.002049000
0.000036000
0.000027000
0.001554000
0.000015000
0.001574000
0.001944000
0.001750000
0.003655000
0.003495000
0.007684000
0.002146000
0.000032000
0.002014000
0.000019000
0.000024000
0.000025000
0.000022000
0.001769000
0.004041000
0.000044000
0.000026000
0.000011000
0.003964000
0.009546000
0.000044000
0.000022000
0.001831000
0.000023000
0.001934000
0.000037000
0.000069000
0.000023000
0.001612000
0.000042000
0.000038000
0.000034000
0.000024000
0.000021000
0.003461000
0.000045000
0.004269000
0.000024000
0.000020000
0.002003000
0.000021000
0.000027000
0.000028000
0.000017000
0.000031000
0.005698000
0.002134000
0.000053000
0.005647000
0.000089000
0.002077000
0.000064000
0.000031000
0.009689000
0.004601000
0.002402000
0.006730000
0.000020000
0.000069000
0.000074000
0.000021000
0.001835000
0.000059000
0.001731000
0.003567000
0.000030000
0.002318000
0.001986000
0.002064000
0.006375000
0.000009000
0.000109000
0.000024000
0.004203000
0.010808000
0.004510000
0.000072000
0.004748000
0.004324000
0.012779000
0.004236000
0.000004000
0.000004000
0.000004000
0.000004000
0.000004000
0.000004000
0.000006000
0.000004000
0.000005000
0.000004000
0.000003000
0.000004000
0.000004000
0.000003000
0.000004000
0.000004000
0.000005000
0.000003000
0.000003000
0.000004000
0.000004000
0.000003000
0.000003000
0.000003000
