0.000506000
0.000038000
0.000746000
0.000028000
0.000201000
0.000507000
0.001420000
0.000560000
0.000565000
0.000081000
0.000757000
0.000055000
0.000049000
0.000954000
0.001645000
0.001631000
0.000615000
0.000050000
0.000098000
0.001597000
0.001500000
0.000705000
0.000047000
0.000577000
0.000443000
0.000045000
0.000454000
0.000043000
0.000850000
0.000834000
0.001513000
0.001032000
0.000097000
0.000416000
0.000323000
0.000108000
0.000049000
0.000179000
0.000066000
0.000333000
0.000032000
0.000030000
0.000088000
0.000038000
0.000376000
0.000063000
0.000320000
0.000114000
0.000200000
0.000052000
0.000460000
0.000512000
0.000814000
0.000018000
0.000073000
0.000416000
0.000027000
0.000101000
0.000934000
0.000250000
0.000325000
0.000399000
0.000577000
0.000193000
0.000008000
0.000021000
0.000007000
0.000020000
0.000037000
0.000036000
0.000007000
0.000004000

0.000005000
0.000005000
0.000006000
0.000007000
0.000004000
0.000005000
0.000007000
