0.000026000
0.000048000
0.000026000
0.000012000
0.000120000
0.000032000
0.001882000
0.001737000
0.001803000
0.001772000
0.001838000
0.003787000
0.003821000
0.002256000
0.004265000
0.005936000
0.000024000
0.000009000
0.000033000
0.000023000
0.000008000
0.000023000
0.000020000
0.000018000
0.000025000
0.000024000
0.003739000
0.002286000
0.005593000
0.004304000
0.002076000
0.002623000
0.000026000
0.000029000
0.001906000
0.002001000
0.000022000
0.001984000
0.000020000
0.000027000
0.003668000
0.002005000
0.000015000
0.002504000
0.000019000
0.002473000
0.004862000
0.000005000
0.001695000
0.001913000
0.000016000
0.000035000
0.000013000
0.000017000
0.002010000
0.002031000
0.002163000
0.001981000
0.000028000
0.000025000
0.000006000
0.002151000
0.004169000
0.009860000
0.001911000
0.000011000
0.000025000
0.003502000
0.003619000
0.001901000
0.000049000
0.000029000
0.000021000
0.000030000
0.005413000
0.000011000
0.004101000
0.000035000
0.009348000
0.008773000
0.000059000
0.003656000
0.000031000
0.000009000
0.001851000
0.001878000
0.001830000
0.000024000
0.003554000
0.001764000
0.000016000
0.000024000
0.005975000
0.001911000
0.007364000
0.000066000
0.002133000
0.000071000
0.001837000
0.000015000
0.000005000
0.001728000
0.001960000
0.000011000
0.003666000
0.001955000
0.003431000
0.000017000
0.004201000
0.000026000
0.000026000
0.010416000
0.000024000
0.000022000
0.001844000
0.002280000
0.000008000
0.000053000
0.001674000
0.000032000
0.000011000
0.005790000
0.000034000
0.000035000
0.007972000
0.002196000
0.004029000
0.008290000
0.000011000
0.000028000
0.003605000
0.000024000
0.000016000
0.001798000
0.001798000
0.002224000
0.005933000
0.002023000
0.006179000
0.009783000
0.005249000
0.000054000
0.005874000
0.005444000
0.000033000
0.001849000
0.000021000
0.003712000
0.001547000
0.005657000
0.000028000
0.000041000
0.000015000
0.001969000
0.003956000
0.007607000
0.003623000
0.005783000
0.009860000
0.000043000
0.000082000
0.000014000
0.000024000
0.000029000
0.005108000
0.000024000
0.000016000
0.005277000
0.000037000
0.000046000
0.001846000
0.000055000
0.004166000
0.000013000
0.000026000
0.002150000
0.000067000
0.001870000
0.000024000
0.000009000
0.004025000
0.002018000
0.000038000
0.001854000
0.000035000
0.003809000
0.001671000
0.000055000
0.000058000
0.000029000
0.001807000
0.000044000
0.000020000
0.000066000
0.002058000
0.012984000
0.002086000
0.000019000
0.000021000
0.000015000
0.004132000
0.000018000
0.000035000
0.002140000
0.000028000
0.000015000
0.002154000
0.006142000
0.000022000
0.000034000
0.000016000
0.000022000
0.000022000
0.000017000
0.003441000
0.002327000
0.002320000
0.002290000
0.002374000
0.002257000
0.000049000
0.012798000
0.008340000
0.002031000
0.001841000
0.000045000
0.002030000
0.001679000
0.000019000
0.000027000
0.001533000
0.001909000
0.007819000
0.009130000
0.001505000
0.000091000
0.002130000
0.001998000
0.003991000
0.001762000
0.000025000
0.001424000
0.000026000
0.005496000
0.003771000
0.003417000
0.002206000
0.004179000
0.000042000
0.003784000
0.001909000
0.005499000
0.000028000
0.003655000
0.002279000
0.009418000
0.000011000
0.000033000
0.005539000
0.001941000
0.000022000
0.001528000
0.002245000
0.000013000
0.001777000
0.003550000
0.001850000
0.001952000
0.000006000
0.007854000
0.004088000
0.009893000
0.000023000
0.001825000
0.000018000
0.003958000
0.001758000
0.001984000
0.000026000
0.001649000
0.004092000
0.000015000
0.000033000
0.001778000
0.000022000
0.000028000
0.000039000
0.004947000
0.000048000
0.000066000
0.001717000
0.000061000
0.003389000
0.001983000
0.001886000
0.001877000
0.000048000
0.000030000
0.001873000
0.005855000
0.000027000
0.000012000
0.000016000
0.001674000
0.002057000
0.000079000
0.002039000
0.001963000
0.001956000
0.000030000
0.000010000
0.005745000
0.003592000
0.001858000
0.003642000
0.001911000
0.002026000
0.001835000
0.000059000
0.000040000
0.005433000
0.000045000
0.000044000
0.007529000
0.003916000
0.000041000
0.003136000
0.003773000
0.000022000
0.001829000
0.000012000
0.000052000
0.000036000
0.004027000
0.000022000
0.022441000
0.000004000
0.000005000
0.000005000
0.000004000
0.000009000
0.000003000
0.000003000
0.000004000
0.000003000
0.000005000
0.000004000
0.000003000
0.000003000
0.000004000
0.000004000
0.000003000
